0
4289
3634
4055
4021
3976
3754
4332
3748
3891
4105
3781
3584
3715
3882
4085
3854
4131
4249
4065
3950
4305
3736
3977
4237
3788
4077
3825
4024
4055
4302
3980
4113
3978
4288
4031
3943
3708
4084
4143
4028
4032
4225
3900
4093
4291
3945
4013
4143
4083
3999
4076
4116
4096
3959
4020
4004
3864
3630
4132
4030
3621
4239
3907
3899
4228
3974
4236
3897
3620
4303
3946
3887
3986
4238
4085
3676
3913
4347
4268
3736
4279
3807
3746
3995
4071
4137
4209
4481
3974
3835
3920
4082
3805
3986
3904
4007
3822
3938
3909
3921
3989
4203
4107
4030
4179
3695
3762
3987
4060
4016
4167
3783
4160
3822
4059
3968
4177
4078
3886
4351
4000
4049
4180
3883
3733
4089
4160
3927
4102
3969
4182
4126
3989
3696
4054
4355
4221
4095
3929
4239
4249
4214
4071
4302
4029
3542
3766
4145
3999
3993
3977
4309
3704
4077
3943
4088
3720
3834
3947
3905
3968
3613
4219
3964
4224
4125
4298
4344
3972
4266
4200
4250
4328
4131
4228
3929
4085
4100
3861
3630
3873
3985
3951
3675
3922
4121
4011
4179
4297
4149
3938
4248
3856
3854
3666
3799
4345
4161
3917
4092
4309
4263
3932
4193
4005
4326
4202
4465
4126
3998
4079
3772
3942
3702
3790
3845
3598
4151
3852
4221
4048
3776
3971
4100
3905
4020
4141
3916
3996
3925
3644
3952
3777
4045
3986
4118
4183
4219
4084
4034
4102
4463
3642
4182
4070
3939
4085
4289
3710
3962
4229
4248
4280
3809
3986
3719
3942
3934
3677
4365
3700
4084
3750
3849
4198
3903
3953
4010
4197
3895
4136
3929
3769
4170
4116
3843
4154
3890
4015
3997
4031
4221
4163
3747
3846
3999
3811
4194
4225
3979
3788
3806
3699
4049
4200
4185
4122
3918
4002
4140
4027
3968
4143
3978
3916
4250
4101
4268
3704
4205
3956
4057
4070
4253
3960
4076
3877
3873
4038
4151
3799
4045
4294
4155
4175
4042
4159
4065
4209
4044
4200
3671
4200
4062
4092
4283
4128
4061
4560
3874
4082
3970
4070
3844
4182
3834
3986
4003
3720
3884
3892
4048
4113
3804
3999
3940
4033
4076
3771
3948
4128
3968
3907
3963
3970
4137
3739
4024
4190
3769
3890
4247
3464
3666
3991
4160
4169
4078
4230
3937
3997
4238
3777
4174
3961
3739
3855
3939
4079
4229
4109
3818
4199
3934
4262
4084
4225
4347
4120
4218
4067
3776
4195
4067
4018
4127
4299
4055
3927
3653
3756
3779
4011
3775
4018
3763
3872
3781
3854
4103
3743
3716
3976
4047
3610
4224
3891
3756
4081
3861
4054
4143
4108
3971
4101
4161
4123
4405
4282
3866
3953
4046
3921
3856
3981
4188
4058
4121
4073
3873
3507
4381
3939
4009
4004
4020
3990
3756
4084
3819
4451
4051
4045
4002
3944
4117
4208
4187
3878
3741
3784
4545
4207
3828
3962
3798
4137
3822
3980
3901
4050
3777
3776
3675
3897
3911
3911
3645
4457
4214
3844
3738
4025
4071
3864
3699
3897
3925
3820
4217
4080
3762
4142
4312
3721
4152
4128
3772
3880
3904
4148
3961
3878
3761
3688
4056
4073
4192
4049
4012
4085
4144
4102
4215
3847
3512
4078
3629
3843
4151
3954
4310
4107
4256
4176
3963
3931
3858
3862
4126
3780
3772
3971
3843
3806
4210
3855
4023
3788
3848
4015
4046
4161
3625
4018
3952
4014
3910
3706
3729
3910
4228
3747
4349
4284
3780
4164
4101
4171
4049
4124
3961
3938
4246
4181
3955
3887
4047
3993
4080
3948
4244
4241
3767
3998
3834
3910
4001
4052
3936
3829
4294
4180
4163
3858
4289
4151
4076
3837
4102
4237
4012
4101
4340
4176
3984
3816
3900
4135
3742
4247
4112
4393
4070
4103
4290
4128
4216
4053
3875
4014
4141
4161
3704
3996
3816
4009
3899
3819
3893
4041
4241
3801
4197
3690
3824
3939
4154
3841
4037
4019
4041
3954
3559
3827
3701
4182
4024
3755
3730
4049
4429
4089
3932
3914
4336
3810
4255
4043
4031
4119
4062
3907
3898
4220
4054
4031
3891
3993
4040
4239
3941
4302
4019
3928
4046
4042
3974
3985
4339
4097
3881
3856
3663
4096
4120
3822
3919
4293
3695
3872
3989
3970
3970
3793
4116
3805
4166
4181
3912
4296
4098
3745
3923
4207
3947
3983
3799
4040
3926
3725
3752
4055
3902
3919
4142
3955
4009
3998
3768
3989
3882
4065
4134
3760
3860
4158
3900
4022
4210
3782
4047
4008
3984
3993
4127
4017
3956
3852
4131
4193
3838
4065
3647
4118
3889
3812
4343
4096
4011
3921
3796
3659
4025
3847
4005
3792
3793
4055
4123
3968
3956
3984
4074
3948
4050
3922
4156
4213
3939
4029
4001
4017
3819
4143
4108
4005
4499
3906
4156
4063
3940
4324
4135
3808
4150
4077
4269
4145
3788
4214
4262
3758
3822
4144
4313
4005
4003
4145
3746
4288
3805
3900
3815
3850
3987
3798
3674
4187
3996
4119
3968
3907
3898
4207
3778
4079
3980
4314
4093
4162
4318
3938
3872
3691
4086
4181
4283
3742
3881
4102
3763
4114
3898
3978
3979
4194
4173
3843
4456
3975
3830
4088
3892
3844
3811
3812
4270
4043
4028
4163
3996
3955
4030
3740
4195
4116
4038
3925
3859
4048
3956
4045
3945
4490
3945
4067
4395
4073
3988
3962
3758
3974
3964
4105
3733
4058
3967
3777
4012
4138
4064
4016
4058
4058
4025
4120
3972
3983
3905
4243
3757
3986
3684
4400
4037
4132
4182
3792
4233
3997
4094
4128
4269
4214
3745
4095
3878
4082
4287
3780
4308
3760
4226
3717
3829
3586
4318
4140
4044
4162
3894
4471
4047
3988
3650
4430
3674
4084
4097
4115
4245
4126
3631
3943
4018
3948
3763
4521
3831
4197
3929
4082
4101
4209
3953
4238
4053
3755
4221
3896
3756
3965
3837
3946
4041
3918
4056
4430
4032
4150
4055
3977
3671
4443
3792
4037
4139
3733
4281
3856
4205
4197
4203
3969
3774
3957
3828
3953
3900
4181
4087
3885
4224
3845
3814
3878
4070
3897
3851
4144
3766
4234
4135
3908
3734
3855
4044
3836
4125
4022
3742
3741
4090
4082
4066
3935
4058
4115
3840
4349
3892
3913
4047
3789
4311
3733
3681
4241
3817
4173
4005
4178
4120
3907
4224
3813
4224
3852
4043
4033
3909
4026
4238
3739
4084
4050
3738
3730
4390
3766
4120
4153
3792
3870
4028
3874
4334
4036
3944
3926
4133
3823
4272
3901
4308
3925
3827
4302
4005
4064
4224
4242
3890
4145
3820
4029
3969
3912
4142
4234
3622
3809
3681
4240
4109
4190
3762
3847
4007
4015
4126
3933
3844
3903
4235
3717
4019
4271
4339
4298
4305
4085
4055
4271
3737
4313
4028
4120
3692
4044
4118
3909
4260
4126
4102
3934
3893
4090
4283
4037
4277
4332
3766
4094
3938
3907
4072
3892
3831
4122
4325
3847
3673
4089
3901
4005
4437
3997
4000
4010
4046
3821
4086
4118
3776
4223
3879
4096
3908
3981
3882
3958
3887
4357
4013
3719
4133
3923
3985
4093
4209
3577
3662
3735
4218
4379
3957
4154
4091
4226
3814
3906
4326
3856
4115
4174
3960
4192
3969
3890
4099
4152
4127
3955
4015
4249
3908
4161
4096
3727
4003
3684
4172
3782
3879
3986
4117
3982
4276
3826
3863
4371
4123
4040
4166
4063
3737
3957
4140
4054
4005
4129
4320
3901
4216
3849
4088
3840
4013
4124
4172
4134
3626
4121
4158
4203
4297
3712
3985
3950
4277
3791
4322
3889
4135
4055
3842
4050
4112
3820
4289
4384
4029
3978
3751
4229
4032
3932
4026
3875
3712
3827
3921
3943
3873
4033
4363
4044
3765
4136
3919
4119
3751
4387
4099
4078
4354
4345
3988
3933
4314
4084
4218
4265
4038
3698
4181
3748
3818
4051
4001
3792
3981
4335
3850
4091
3690
4261
4001
3705
3928
4104
3992
4251
4053
4271
3962
4100
4112
4229
3645
3771
3832
3828
4028
3944
3966
3707
3901
4036
4230
4023
3718
3889
3894
3920
4087
3902
4422
3711
4212
3755
4144
3992
4231
3986
4070
3869
4250
4032
3971
4014
3989
3990
3857
3926
4320
3941
4033
3950
3919
3949
4358
3732
4105
3885
4108
4048
3735
3862
3900
3740
3999
3803
4062
3943
4057
3937
3800
3854
4041
3904
4100
4011
3795
3757
4131
3740
4039
3840
3639
4233
3928
3948
4234
4122
4226
3970
3690
3705
3799
3797
3809
4174
3908
3966
3687
4426
4025
3758
4202
4016
4192
3978
3954
3687
4448
3986
3983
4057
4078
4024
4160
3711
3893
3807
4222
3886
4057
4113
4291
4034
4082
3658
3859
4045
4108
4265
4214
3876
3900
3980
3874
3956
3697
3834
4226
3978
4031
3731
3991
3978
3950
4263
4060
3801
3992
4298
3888
4045
3886
4032
3768
4065
4247
4319
3942
4160
4090
3967
4107
4018
4029
4236
3955
3924
3915
4260
4145
4007
4113
4125
3993
3740
3916
4106
3982
4106
4154
4118
3753
3964
3856
3969
4166
4186
4169
4104
3687
3713
3557
3837
4150
3849
3769
3784
4141
3760
4176
4454
4180
3988
4065
4062
3861
4177
3925
4109
3756
4119
4085
3975
4401
4030
3921
3950
3833
4403
4025
3938
3746
4137
4137
3788
4373
3926
3921
3974
3810
4102
4119
4078
3931
4133
3973
4031
4019
4286
4481
3984
4022
4082
4014
4249
4003
3756
3938
3940
4234
3918
3817
3717
4483
4090
3813
4001
4155
4370
4249
3930
4082
4227
3987
4045
3986
3984
4208
3774
3982
4098
4022
4221
3720
4390
4344
3772
3751
4107
4120
3807
4133
3772
3885
3982
4348
4099
4105
4094
4201
3921
4150
3778
4246
4140
3980
4067
4043
3980
4262
4301
3895
4263
3863
3947
4350
4249
4054
4068
3892
4293
3957
4260
4025
4202
3807
4353
3988
4590
3949
3776
4055
3620
4270
4254
4242
4166
3912
3831
3815
4063
3920
3994
4101
3736
3888
4394
4013
3909
4170
3796
4088
3890
3720
4171
3768
4115
3956
4092
4352
3829
4343
3957
4050
4358
4184
4015
4187
3848
3993
4046
4135
4486
4119
4215
4129
4125
4190
4201
3960
3678
4106
4101
3894
4025
3799
4364
4045
3978
3904
4082
4206
3872
4081
3938
4274
3911
3986
4142
4087
4078
4125
4150
3960
3509
4262
4073
4330
3786
4067
3937
4433
3931
4037
3836
4093
4036
4143
3847
4487
4372
3764
3971
4049
4139
4232
3793
3790
3750
3916
3941
4136
4038
4393
3948
3759
4010
3584
4200
3801
4078
4156
3968
4121
3668
4144
3952
3824
4287
4446
3781
3888
3887
4350
3798
4208
4165
3908
3898
3873
4032
4246
4146
4109
4134
4247
3902
4174
4159
4234
4085
3614
3954
3847
3965
3912
4027
3929
4199
4102
3932
4342
4101
4064
4179
4170
3735
4122
3952
3942
3996
4225
4101
4272
4185
4010
3935
4109
4051
4001
4159
4448
4162
4035
3979
3734
3802
3797
4330
3897
3978
3843
4042
4209
4063
3979
3993
4092
3876
3682
3820
3946
4052
4047
4022
4193
4131
3835
4156
3897
3601
3810
3925
4057
3823
4058
3945
4333
3776
4089
4096
3962
4229
3903
3979
4122
4182
4142
4006
4030
4018
3891
4109
3965
4427
4184
4041
3966
4219
3997
4145
4219
3966
4048
4055
3842
3781
3813
4168
4098
3895
3903
4062
4010
3923
3635
3995
3722
4122
3770
4138
4093
3994
4058
3797
3751
4033
3955
3960
3731
3947
3754
4171
4084
4003
3931
4140
4117
3799
3835
3832
4082
3907
3957
3853
4008
4073
4171
3865
3974
4119
3901
3861
4003
4231
4139
4071
4114
3598
4273
4156
3938
4393
4033
4245
4015
3816
3895
4092
4051
4064
3767
4331
4066
3928
3816
4348
3778
3952
3641
3786
4015
3688
3957
4286
3741
4198
4039
3813
4178
4179
3894
4025
3921
3828
4116
4292
3975
3922
4147
4161
4455
3782
3812
4109
3944
4000
4233
4172
3961
4260
3699
3967
3915
4150
4265
4117
4230
3896
3905
4292
4074
3849
3898
4079
3828
4113
3700
4095
3969
4029
3495
4149
3906
4038
4223
4068
4138
4225
3963
4207
4167
3976
3736
3783
3990
3941
4355
3934
4086
4159
3917
4226
4051
3623
4383
3912
3955
3789
3982
3913
4181
4016
3750
3608
3870
3838
4045
4270
3925
4026
3764
3803
4177
3889
4099
4185
4135
3959
3914
3672
4012
3644
3931
3960
3941
3908
3926
4137
3898
4187
3972
3895
4041
4063
4074
4037
4156
4389
4050
4278
3800
3976
4033
4299
3983
4333
4044
4233
3756
3757
3813
3863
4104
3779
3888
3648
3668
3728
4167
3956
3969
4388
3818
3684
4087
3983
4228
3911
4075
4093
4045
3852
3992
3878
3974
3892
3997
3804
4314
4024
4230
4188
4024
3737
4138
3975
3978
4055
4291
4310
4173
3829
4260
4368
4073
3627
4227
4123
4288
4052
3923
3666
3808
4013
3749
4108
4073
3921
3940
4106
4366
3838
4095
4207
4051
4059
3784
3872
4517
4020
4029
4071
4244
3633
4185
3768
3644
4281
3999
3693
3944
4083
3849
3924
3938
4239
3723
4004
4170
3804
3572
4188
4138
3950
3966
3975
3856
4002
3864
4267
3797
4284
3892
4221
3921
4262
3982
4052
3929
3921
3812
4101
4196
3748
4110
3861
3966
3878
3981
3895
3846
3932
3830
3881
4053
3886
3920
3821
3837
3729
3975
4075
3866
3816
3915
3712
3924
4182
3869
4123
4066
3672
4206
3697
3945
3908
4153
3988
3996
3870
3924
3638
3806
4197
3965
4121
4017
3805
4056
4446
4018
4259
3920
4156
4278
3722
4195
3868
3948
4192
4268
4011
3907
4027
3888
3874
3781
4285
3768
3950
4055
4287
4008
4011
4463
4016
4294
4233
3890
3923
4123
3988
4013
4190
3918
4032
4325
4321
3784
4145
3938
4161
3883
3894
3933
3732
4033
3932
4007
3983
3996
3871
3622
3817
4193
3946
4106
4241
4269
4291
4265
3783
3883
3910
3862
3799
4306
4135
4310
4075
3889
4216
3783
3790
3661
3868
3893
4078
4109
3558
4120
4166
4072
3751
3948
3957
3981
3919
3875
4167
4328
3877
4246
3841
3979
4017
4152
3678
4003
3868
4339
4127
4323
3931
4363
4172
3938
3876
4176
3772
4138
3917
4034
4220
4039
4191
3875
3925
4192
4394
3955
4035
4041
3860
3903
4115
4047
4069
3804
4441
3939
3919
4065
3897
3862
3780
3916
3929
3822
4056
3903
4162
3758
4063
3762
3970
4168
4268
3839
4018
4175
4226
4064
4274
4013
4000
4067
4243
3978
3916
3867
4038
4010
3973
4153
4087
4126
3599
4203
3857
3898
4042
4087
4121
4168
3812
3798
4097
3967
4320
3910
4214
4090
3982
3542
4019
4011
4156
3718
3876
4023
4012
3904
4171
4260
3985
4000
4099
4027
3816
4100
4127
3939
4380
3933
4226
3751
4246
3700
3999
4185
3947
4050
4015
3891
3930
3956
4124
3536
3831
3774
4205
4114
3913
3940
3841
3823
4092
4216
4028
4153
3967
3878
3981
3897
4256
3875
4310
4192
3859
3896
3821
3988
4116
3774
4244
3817
4179
4101
4241
4017
4035
3700
4162
4117
3802
3936
3629
4097
3993
3975
4005
4167
3994
4040
4056
3658
3972
3937
4105
3906
4201
4168
3822
4116
3812
4094
3866
3992
4006
3891
3803
4075
4199
3997
4030
3823
3677
4131
4106
3980
3989
3990
3887
4816
3773
3915
4150
4009
4343
4237
4328
3754
3706
4343
4071
3890
3985
3878
3590
4073
4037
3843
4006
4114
3968
3580
3838
4083
3781
4091
3930
4095
4150
4246
3898
3771
3873
4418
4012
3981
4092
4009
4109
4091
3810
4298
4202
4356
3746
4033
4128
4005
3897
4059
3606
4061
3986
3731
4152
4090
3880
3856
4034
4018
3831
4015
4128
4333
4288
3832
4011
4069
3847
3894
3806
4225
3986
3825
3920
3473
3955
4373
3821
3985
3933
3889
4005
3982
3760
3843
4180
3771
3713
4133
3914
4078
3934
4019
3737
3701
4111
4001
3968
4374
4421
4158
4107
4223
4194
3949
3819
3699
4005
4223
4372
3972
4526
3917
4277
4008
4137
3867
4505
3996
3788
3894
4083
4119
4425
3994
3845
4051
4039
3907
4221
3799
4026
4349
4108
3748
4101
3910
3943
3776
4424
3931
4073
4014
3961
4469
4011
3939
3774
3790
3916
3730
3540
3944
3826
4220
3961
4082
3751
3852
4087
4131
3678
4087
4441
4270
3982
4154
3805
3888
4299
3959
4208
3959
4173
4019
4023
4302
3765
4205
4319
4207
3515
4083
4051
3675
3995
3947
4020
4060
3802
3926
4082
4489
4109
3772
3736
4056
3782
3923
3917
4207
3592
3491
3983
3884
3761
4118
4048
3678
3534
3998
3959
3851
4159
3766
4013
4047
4151
4056
4224
3644
3528
3496
4127
4361
4197
3907
4083
3828
4129
3953
3985
4052
3936
4279
3956
3946
4324
4000
3993
4177
4195
3996
3971
3973
3982
4396
3648
3766
4051
3932
4122
4075
4135
3787
3891
4148
3970
3943
4042
4083
4024
3937
4150
4311
4403
3482
3889
3939
3782
4149
4019
3856
3942
4155
4200
4171
4128
3783
3878
4214
4113
3966
4178
4031
4317
4006
3929
4072
4290
3819
4021
4041
3955
4034
4113
4038
4164
3864
3877
4032
4317
3995
3862
4065
4116
4228
4139
4097
3892
4054
3934
3742
4134
3824
4002
4125
4139
4368
4165
3801
4258
4018
4286
4051
4081
4000
3620
4080
4330
4032
3913
3746
3873
4265
4148
4108
4378
3690
4136
3684
4201
4082
4096
4294
4171
4100
4090
3658
3835
4035
3899
4055
3707
4215
3920
3869
3912
4157
3724
3925
3932
3762
4031
3921
3753
4003
3957
3865
3964
4091
4220
4133
3805
4069
4405
4056
3954
3923
3956
3880
4221
4131
3967
4462
3848
3948
3533
4136
3944
4284
4131
4048
3658
4285
4241
4055
3735
4085
3951
3907
4263
4109
4067
3991
3947
3902
4167
4285
3967
3963
3996
4126
4037
3919
4044
3931
3921
4197
3998
4242
3749
3892
3882
4204
3882
3965
4156
3995
4167
3974
3799
3909
4114
4178
3948
4078
4256
4154
4015
4300
3868
3914
3772
3999
4285
4034
4034
3688
4264
4062
4173
3951
4226
4023
3874
4320
4567
3744
3940
3909
3885
3965
4272
4119
3906
4420
3992
4292
3957
4100
4187
4443
3873
4223
3924
4096
4018
3966
3761
4094
3996
3700
3812
4137
3943
3968
4161
3861
4158
3954
4293
3941
4125
3700
3798
3877
4130
4054
4040
4106
3961
4184
4117
3977
4264
4133
3944
3699
4104
3729
3849
3991
3965
3679
3975
3785
3988
3996
4246
4331
4173
3768
4060
3834
3712
3869
4249
4222
4289
4119
4238
3932
4283
3961
3747
4129
4068
4108
4101
3805
4040
3942
3928
3950
4007
4249
4198
3932
4329
4115
4177
3887
4287
4037
3837
3962
4127
4323
3683
4167
3875
4069
4073
3777
3896
3701
4053
3859
4044
3927
3648
3650
3983
4172
3756
4168
4366
3997
3867
3958
4096
4111
4144
4455
4189
4086
4029
4107
4206
3996
3519
3661
3813
4203
4136
3954
3934
3697
3965
4257
4319
3948
4011
3979
3930
3769
4223
3906
3869
4003
3918
4294
3889
3992
3759
4263
3948
4164
4284
3802
3962
3946
4108
3940
4194
4044
4283
3947
4115
4065
4024
4049
3890
3790
3941
3830
3937
3937
4018
4138
3622
4111
4244
3967
3884
4009
4291
4097
3711
3903
4060
3874
4044
3858
4188
4154
3993
4011
4494
3835
4015
4254
3906
4140
4064
3809
4014
3523
3961
4094
3818
3975
3879
3906
4050
4176
4333
4265
4068
3933
3947
4141
4068
3571
4097
4049
4183
4002
4065
3905
4156
4031
4108
4071
3930
3614
3840
4177
4075
3932
3995
4260
4091
3961
4071
4034
4108
4153
4210
4033
3975
3755
4135
4128
4026
4260
3987
4031
4262
4057
4334
4108
3556
4094
3965
4165
3996
3812
4210
4388
3861
4063
4109
4086
4086
3877
3927
3808
3875
4246
3971
3777
4026
4326
3792
4050
4355
3952
3936
3949
4199
4691
4437
4096
3839
3888
3683
4020
3859
4336
4224
4087
3926
4006
3866
3571
3716
4040
4039
4014
4034
4009
4096
4281
4112
4203
4203
4174
4114
4186
3690
4065
3766
3779
4311
3980
4137
3885
3719
4027
3947
3914
4083
4288
4100
3901
3769
4422
4319
3809
3863
3759
3971
3952
4008
4109
4030
3683
4000
3688
4004
3948
3905
3940
3740
4226
4008
4166
4499
3863
4461
4068
3834
4038
3786
3844
4152
4187
4116
3905
3848
4059
3931
4366
3878
4103
3817
3913
3910
3979
4167
3838
3950
3930
4145
3480
3961
3976
3902
4363
3929
4096
4303
4157
4018
3531
4126
3942
3976
4245
4148
3836
4089
4116
4229
3792
3790
4060
3923
4149
4492
3932
3809
3807
3763
3981
4043
4043
3969
3774
3936
4163
3950
4291
4254
4074
4204
3853
4303
3824
4072
4008
4168
4056
4113
4089
4043
4163
4294
3989
4043
3980
3978
4078
3880
4283
3568
3971
4226
3678
4139
4033
4497
4149
3970
3993
4345
4338
4164
4172
4171
4236
3983
3978
3731
3816
4043
3540
4306
3624
3928
4094
4077
3973
3925
4293
4062
3686
3527
4040
4369
4337
3963
4089
4223
3940
4241
3861
3965
4118
3595
4085
3910
3935
3987
3971
4001
4242
3923
4096
3691
3956
3944
3876
4074
4073
4565
3920
4093
4232
3834
4062
4063
4106
4339
3969
4277
4020
4051
4247
3793
4038
4006
3956
4135
4057
4055
4069
3753
4134
4101
4012
3996
4100
4088
3699
4054
4423
4376
3901
3695
3852
3987
4243
4112
3946
3963
3890
4107
4148
3984
3778
4112
4326
3855
4115
4008
4119
3957
3738
4048
3832
3913
4228
3803
3854
3787
4045
3729
3881
4289
3963
4126
3808
4167
3979
3977
4467
3996
4061
4371
3993
3915
4017
4139
3724
3791
3810
3782
3922
3750
3653
3806
4261
4179
4246
3894
3886
4202
4236
4338
4172
4096
4022
4092
3717
3939
3600
3875
4276
4022
4228
4165
3811
3693
3861
3953
3828
4050
3480
3804
4170
4111
4036
3922
4250
4255
4373
4055
4331
3927
4072
3916
4217
4201
4037
3720
3950
4078
4268
3714
4045
4293
3923
4111
3938
4205
3833
4087
4096
3913
4074
4059
3678
4217
4017
3867
3634
4328
3822
4011
3644
4041
3946
3744
3745
4126
4150
3893
3887
4064
3893
4125
3989
3894
4040
3781
3669
4041
4010
4033
3612
4143
4229
3810
4087
4085
3807
4117
4161
4070
3741
4177
3989
4115
3930
3961
4069
3773
3866
4133
3680
4104
4147
4100
4088
3833
4375
4316
4356
3785
4163
4109
3784
4126
3785
3874
4090
3553
3768
3939
4267
4111
3644
4173
4250
3861
4124
3427
3966
4177
4234
3892
4077
3920
4357
3772
4158
4096
4245
3800
4062
4158
3794
4088
4066
4052
3957
4225
4128
3901
3888
3766
3847
3644
3936
3862
3759
4209
3855
3994
3898
3911
3857
4106
4101
3667
4246
4039
3852
3981
4190
4025
4176
3700
3988
3734
4059
3625
3871
4137
3883
4206
3944
3912
3897
4173
4219
3877
3601
4021
3931
3930
3852
3789
3864
3853
4057
3842
4155
4024
3677
4031
4046
4135
4193
4157
3846
4243
3742
4058
4020
4177
3910
4162
3916
4066
3638
3792
4145
4128
3871
3960
3904
4182
3984
4283
3900
4590
3954
4463
4097
4334
4095
4104
3811
3982
4295
3973
3872
4119
3766
4221
3932
3981
3851
3958
4015
4153
4032
3917
4225
4110
4192
3985
3921
3899
3894
4047
3760
3913
4053
3761
3870
3876
3879
4220
3948
4084
3885
3873
3997
3957
3800
3767
4081
3727
4144
4080
3961
4012
4140
3788
3928
4478
3980
3932
3759
4229
3911
4164
4392
3945
3972
4004
3990
4027
3941
3798
3719
4092
4108
4114
4274
4197
3956
4044
4186
4002
4006
4450
4006
4054
4102
4024
4376
3838
4456
4117
3916
4042
3921
4098
4065
4483
3879
3963
3888
3976
3794
3989
4138
3920
4179
3878
3837
3621
4117
4097
4012
3775
4148
4319
3881
3871
3717
3526
4004
3792
4025
4082
3910
3989
4247
4286
4011
3894
3939
4068
3780
4178
3835
3875
3815
3871
4211
4232
4095
3725
4090
4008
3774
4055
4215
3410
3997
3899
4044
4094
4192
4124
3824
4351
4055
4212
4262
4071
4050
3634
3895
4245
3839
4017
4021
3943
4221
3960
3833
4415
4314
4021
3697
4072
3987
4065
3902
3781
4210
3958
3881
3920
4164
4043
4032
3999
3902
4257
4095
3964
4138
4067
4039
3925
3937
3824
3885
3724
4155
4036
3901
3979
4073
3952
4020
4215
4086
3969
4520
4045
3956
3815
4024
3898
3890
4027
4260
4219
4030
3992
3959
4080
4095
4088
4222
3690
3747
3958
3991
4386
4242
3811
3958
3947
3859
3975
3898
3934
4100
4025
3932
3777
4004
4139
3988
4230
3954
4204
4095
4295
4133
3620
3777
4358
3711
3877
3941
3983
3891
4482
4037
3822
4060
4188
4030
3921
3922
4148
3868
4064
3962
3804
3887
4094
3775
3884
4073
4380
3995
3995
4186
4102
3995
4118
4074
3824
3667
4088
4275
3764
4164
3704
3924
4000
4072
4403
4012
3976
3835
4025
4281
4354
3737
3740
3803
4033
4304
3883
4237
3978
3636
4178
4152
3943
3974
4526
4130
4008
4134
3958
4383
3946
4161
4424
4203
3822
3897
3941
4003
3879
3887
3646
4040
3949
4175
4056
4171
3655
4176
4411
4602
3722
3852
4413
3870
4313
3699
4262
4327
4200
3967
3851
3968
4027
3908
4230
4148
4010
4156
3849
3957
3821
4209
3885
4410
3831
3708
3862
3843
4067
4179
4043
4091
4166
4015
3971
3844
3717
3867
3607
3928
3947
4255
4169
4220
3692
4041
3723
4175
4112
4212
4166
4145
3782
4190
3886
4056
3874
4026
3935
4159
3567
3925
3949
4055
3626
4133
4021
4170
4201
3903
4013
4462
4300
3481
3683
3643
4022
4118
3740
4034
3722
3702
3872
3768
3908
4126
4290
4280
3724
4092
4381
4095
3820
3831
4097
3886
4328
3955
4030
3868
4107
4216
3957
3949
4311
3926
4124
4081
4353
4066
4204
4335
4103
3972
3811
3711
4022
3942
3934
4012
4054
4138
3985
3706
3858
3910
3824
4146
3854
4044
3866
3996
3939
3772
4317
3991
3943
4170
4237
4182
3856
3736
3913
4054
4299
3678
4069
4555
3697
4307
3762
3722
4052
3906
4221
3839
4129
4332
3903
3907
4338
4093
3962
4082
4239
4242
3956
4005
3888
3784
4254
3903
4149
4104
4156
4159
3861
4029
4298
4319
4047
3971
3916
3910
4204
3846
3924
4056
3742
4064
4177
4056
3951
3976
4078
4171
4022
3972
3915
4073
4085
4202
4149
4093
3698
3799
4070
4242
3800
4027
4066
3574
3672
4387
4366
4042
4076
3830
4049
4036
3628
3996
3966
3759
4038
4122
3962
4142
3911
4169
3916
3988
3906
4074
3760
4245
3958
3900
4107
3797
4106
3710
3986
3943
4093
3842
4468
3953
3945
3888
4094
3980
3929
3999
4001
4079
3868
4064
4073
4044
4289
3899
4206
3857
4188
4062
4167
3963
3859
4100
4040
4037
3687
4366
4024
3853
4148
4112
4092
3908
4197
3702
4250
3520
4029
4242
4192
4159
4082
4307
3973
4116
4080
3943
3983
4083
4243
4134
4288
4037
3959
4000
3831
4046
4031
4168
3951
3687
4113
4065
3914
4023
4269
4113
3905
4053
3888
4179
3548
3937
4114
4217
4299
4161
4247
4172
4061
4114
4232
4058
4534
4004
3840
4002
3994
3820
4098
4282
4213
3913
3909
3726
4406
4041
4255
3795
4055
3968
3862
3875
4027
3934
3958
4184
3960
4223
4177
4116
4017
3871
4258
3875
3850
3792
3965
3883
4007
3913
4028
3947
4037
3914
4120
4178
3941
4166
4241
3864
3902
4135
4163
4077
4025
4051
3948
4227
3982
3862
4226
3938
3713
4112
4138
4105
3997
3847
4025
3755
4120
4078
3896
4333
4192
4011
3960
3867
4040
4077
3954
4143
4383
4159
3884
4027
4162
4052
4043
4138
4265
3921
3812
4140
3986
3800
4359
3902
3642
3765
4155
3976
3668
3887
3921
4218
4017
4007
3884
4019
4236
3822
4352
4262
3893
4113
3976
3954
4185
4056
3844
3940
4213
4162
4111
3820
3981
4104
3999
3920
4325
4253
4232
4077
4282
4206
3824
4318
4195
4016
3658
4043
4261
4283
4241
3937
4020
3868
4008
3759
3817
4193
3859
3997
3896
3994
3981
4258
4203
3771
3886
4065
4472
4051
4030
4233
4369
3943
4106
4015
4046
4090
3947
3915
3634
4189
4249
3701
4048
4210
3824
3904
4036
3837
4070
3863
4241
3843
3718
4245
4090
4348
4159
4242
4080
3802
3965
3926
4372
3995
3927
4094
4302
3630
3895
3935
4277
3817
4052
4260
4005
3838
4123
4217
4252
4092
3899
3931
4242
3804
3975
3936
4032
3846
3568
3969
4216
4385
3986
4022
4124
4114
3963
3933
4015
4102
3653
3692
3806
3981
3866
3926
3643
4146
3893
3828
3807
4277
4255
4005
3881
3822
4135
4046
4106
4056
3855
3863
3931
3921
4117
4088
3897
3989
4269
4037
4117
4286
4192
4063
3840
4029
3927
3668
3871
3995
4194
3799
3823
4118
3892
4120
4186
4336
3649
3580
4392
4298
3953
3822
4170
3941
4047
3764
4081
4205
4215
4020
3971
4175
3991
4305
4056
4181
3949
3671
3807
3985
4187
3987
3815
4199
3790
3784
4263
3854
3923
4136
3885
4313
3792
3778
4104
4049
4322
4071
3685
4158
4300
3788
4008
4057
4176
4031
4072
3655
4034
4265
3955
4074
4186
4160
4050
4233
4319
4033
3814
3760
3898
4167
4204
4008
4216
3752
3975
3970
4118
3981
3964
4168
3845
3977
3834
4071
4207
3934
4094
3829
3970
4151
4155
4103
3799
4029
4013
3984
3975
3856
3679
3689
3744
3922
4031
4201
3883
3890
4027
3890
3746
3851
4154
4384
4096
3688
3989
4129
4044
3854
3642
4277
4096
4273
4079
4006
3949
4203
3849
3884
4070
4052
4118
4240
4122
4049
4067
3800
4096
3785
3829
4159
3714
4000
3777
3758
4029
4084
3878
3695
4098
4092
3959
3825
4067
4108
4025
3862
3937
4234
3786
4297
3982
3919
4174
4206
4306
3624
3830
4174
4191
3675
4245
4002
3645
4091
3927
4533
4316
3885
4295
3928
3901
4124
3840
3677
3894
3881
3824
4269
3981
3944
3888
4084
4209
4277
4258
4199
3902
4118
4319
4165
3869
4152
4179
4029
4075
4057
3890
4128
4091
3923
3869
3925
3737
4167
4085
3878
4085
3763
4085
4090
4052
3945
3959
3887
4087
3838
3770
4047
3928
4206
4100
4169
3916
4276
4182
4446
4183
3718
4067
3786
3946
3849
3919
4121
3972
3959
3790
3952
4255
3755
4247
4361
4258
4276
3905
4160
4430
3865
3904
4077
3930
3913
4407
3816
4001
4005
3786
3947
4164
3931
4044
3795
4158
3606
4139
3971
3837
3956
3559
3907
4163
4126
4232
3965
3981
3793
4086
4021
4127
4324
4264
4330
4209
3977
4145
3973
3918
3866
4389
3906
3797
3957
3784
3784
3659
4036
3975
3999
3838
3932
3961
4301
3937
4127
4002
4013
3709
4054
3945
3775
4201
3934
3673
4144
4415
4384
3808
4016
3802
3847
3740
4205
3751
3845
3788
3935
3955
3712
4147
3993
3972
4228
4152
3739
3983
4118
3993
3866
3941
3708
4056
3816
3854
4153
3915
3814
3563
3934
3963
4105
3914
3842
3932
4035
4138
4432
3792
3668
3934
4246
3892
4017
4536
4070
3942
3914
4015
4172
4323
4031
4334
3762
3711
4080
4039
4041
3753
4137
3942
4294
4268
4173
4048
4072
3853
4246
4105
3976
4017
4181
4156
4154
4454
3915
3997
4082
3821
3939
3930
3505
4356
4075
4039
3738
4105
4357
4009
4227
4049
4138
3925
3829
3805
3934
3993
3855
4101
4146
3859
4389
4209
4341
4221
4188
4202
4061
4109
3803
3671
3989
3755
4416
3913
3832
4017
3956
3803
3826
3973
4296
3476
3943
3993
4119
3950
3990
4005
3776
4145
3936
4127
4026
3972
3728
4132
4136
3975
4239
4055
4365
3791
3865
4036
4030
3878
4067
4104
3964
4006
4134
3916
3790
4228
4194
4267
4105
3988
4011
3904
4258
3915
3680
3803
4098
4060
4350
4050
3905
4045
3945
3678
3702
3710
4050
3905
3602
3950
4137
4051
3998
4025
4185
3964
4194
4107
3958
3815
4102
3869
4347
3795
4217
3828
4322
4191
3836
3866
3925
4034
3974
4117
3630
4124
3705
4082
3993
4265
3929
4083
4153
4081
4023
3647
3842
4026
3777
4256
4468
4323
4168
4073
4150
4017
3935
4296
4129
4281
4041
3701
3913
4027
4026
3978
4111
4273
4086
3983
3909
4500
4250
4271
3887
4094
4023
3983
4093
3915
4047
3925
3862
3848
4047
4048
4408
3876
4006
4058
4189
3936
4213
3976
4150
3848
4011
3919
4253
4018
3975
4059
3985
3612
3870
3941
4264
4287
4241
4026
4108
4190
3896
4372
4234
3866
4201
3939
3820
4121
4255
3979
3877
4338
3825
3979
3991
4093
3943
4032
4204
4406
3892
4099
3599
4100
3808
3911
4260
3866
3866
4136
3903
3951
4121
4013
4111
3812
4189
4420
4104
4005
3979
4241
4259
4180
4008
3879
4245
4170
4202
3832
4018
3965
4002
4019
3900
3898
4398
4019
3989
3892
4220
3988
3876
3975
4347
4125
4261
3916
3746
4353
4037
4047
3735
3881
3889
3691
4021
3795
4180
4009
3898
4176
4170
3890
3855
4056
3833
3947
4084
4135
4363
3668
3847
3988
4136
3851
4263
3881
3881
4100
4147
4088
4224
3846
4028
3926
4121
3939
4093
4132
4046
4155
3852
4129
4150
3880
3975
3902
3868
3915
4206
4052
4016
3965
3530
3893
4159
3864
3895
3890
4216
3829
3930
4092
3890
4146
4270
4135
4008
4107
3832
4282
3764
3926
4160
4310
4005
3933
4324
3613
3850
4022
3967
4064
4151
4015
4171
3960
3946
3983
3495
4002
4101
4077
4343
4355
4042
4404
3775
3989
4083
3820
3958
4288
4098
4108
4242
3815
4052
3900
3945
3723
3963
4055
4055
4194
3773
4087
4113
3831
3936
4212
4127
3880
3684
4256
4072
3822
3903
4156
4015
4142
4207
3716
4288
3961
3960
4345
3948
3999
4172
3791
3964
4114
3750
4445
4107
4173
4206
3935
3990
3992
4250
4180
4371
4063
4102
3934
4038
4282
3875
3723
3906
4100
3978
4387
3884
4115
3551
3950
3853
3937
4220
4094
3899
3808
3753
3748
3988
4014
3904
4217
4387
4274
3995
4059
3892
4257
4065
3871
4056
3930
4166
3757
4091
4202
4083
4170
4023
4007
3982
3830
3825
4317
3741
4203
3737
3706
3928
4050
4098
4217
3988
4097
3921
3969
3989
3837
3724
3948
3797
3883
4174
3977
3952
3933
3788
4272
4060
3805
3988
3926
3888
4349
3957
3716
3639
3562
3684
3897
3971
3970
3788
4679
4057
4051
3875
3979
4216
3904
3791
4121
4027
3817
4294
3808
4260
3874
3955
4061
3718
3955
3857
4007
3637
4168
3900
4158
3844
4000
4609
4058
4196
4013
3952
4023
3553
4154
4051
3908
3784
3956
4153
3754
4208
3977
3984
3863
4134
4024
4233
3883
4257
4323
3991
3863
3808
3949
4039
4272
3960
4044
3951
3998
3981
4041
3946
4193
3903
3859
3834
4348
3881
3962
4198
4012
3656
4121
3899
4051
4108
3816
4161
4156
4106
4294
3707
3973
3913
4136
4151
4025
4116
4379
4128
4063
4181
4126
3999
3803
3691
3951
3919
3899
3720
4033
3601
4264
4306
3676
3753
4089
3948
4220
4227
4000
4005
4002
3888
3914
3997
3841
4186
3840
4151
3894
3817
4140
4038
3718
3697
4330
3899
3897
4009
3987
4005
4270
3788
4190
4034
4162
4072
3935
3553
3935
3730
4069
4011
4283
4029
3975
3564
4352
4121
4206
3716
4262
3935
3903
3818
4123
4058
4365
3796
4086
3954
3962
3916
3977
4226
4034
4062
4419
4357
3852
4043
3496
3955
3971
4180
4118
4138
4186
4320
4000
4338
4047
4128
4212
4160
3833
3936
4189
3841
4002
4145
3986
3815
4232
3765
4010
3599
3980
4057
4162
4150
3830
4103
3950
3920
3941
3995
4366
3905
4019
3775
4186
4016
3961
3760
4022
3811
3897
4192
4112
4125
3843
4225
4038
4115
4266
3879
3878
4293
3901
4115
4172
4397
3648
4261
3942
3985
4273
4192
3849
4250
3988
4107
3945
3929
4017
3950
4012
3750
4107
4507
4000
3779
4042
3903
3869
4200
4197
4147
3849
4133
4138
3946
4327
4041
4360
4111
3752
3833
3874
4117
3983
3762
3773
4213
3844
4059
4084
4087
3992
3848
4039
4031
3722
4204
3874
4236
4348
4364
4029
4062
4035
3960
4049
4205
3614
3932
3774
4093
3928
4109
3787
4030
3961
4085
4067
4009
3923
3898
4102
4050
3874
3994
4273
3826
3999
3842
3934
3783
4208
3908
3596
4049
3856
3963
4087
4005
3819
3780
4152
4198
3748
3931
4073
4072
3990
3867
3901
3458
3886
3868
3919
4293
3876
3775
3729
3840
4189
4173
4021
4186
3946
4095
4045
4189
4220
4150
4004
3816
3792
3985
4099
3834
3734
4261
3924
3775
3750
4048
3875
4180
4086
4142
4131
4023
3892
3743
4145
4249
3722
4133
3918
3782
3688
4205
3917
3956
4106
3844
4172
4185
3982
3822
3945
3908
4099
4224
4258
4249
4260
3943
4461
3823
3765
3828
4262
4094
4183
3936
4072
4115
3737
3984
4315
3994
4211
3912
3882
4091
3590
4489
4046
3862
4063
3984
3670
4203
4435
3969
4067
4071
4018
4233
3898
4199
4340
4335
3903
4204
3752
3930
3658
4022
3906
4327
3719
4210
3861
3857
3763
4120
3980
4134
4219
3750
4115
3994
3952
3769
3741
3985
3935
3984
4067
3970
4095
4039
4136
4025
3891
4083
4086
3651
3985
3870
3958
4222
3988
3939
3927
3752
3907
4080
4210
4128
4165
4024
4211
3778
4048
3957
3884
3815
4302
4007
4092
3911
3779
4247
3877
4132
3977
4039
4184
3995
3711
3606
3967
4000
3681
3953
3839
4126
3911
4018
3988
3865
4547
3947
3850
4005
3764
3873
4146
3944
3974
4062
3750
3922
4030
4257
4221
3768
4099
4128
3833
4134
3903
4216
4029
3702
3974
4139
3900
4292
3953
3810
4211
3857
3906
4099
3926
3724
4363
4315
3976
3917
4081
3770
4363
3639
4071
4186
3993
4329
3812
4059
4284
4348
4098
4096
4183
3960
3809
4281
3917
4119
4096
3652
3502
3998
3927
3846
4337
4124
3926
4083
3883
3646
4029
4319
4188
3876
3982
4193
3959
3964
4097
3989
4168
4129
3877
4440
4007
3961
3905
3773
3891
4015
4085
4353
4044
3986
4429
3923
4000
3759
4088
4278
4451
3806
4057
3856
4188
4013
4465
4272
4322
4108
3661
4164
4138
4051
4262
4389
4081
3904
3804
4117
4134
4175
4239
3745
3897
3760
3794
4601
4279
4052
3910
3859
4180
3928
3920
4062
4063
4048
4008
4200
4307
3680
4258
4162
4421
3795
3915
3992
3792
4241
4046
3886
3706
4017
3960
4139
3853
4097
3935
3877
4085
4222
4364
4095
3919
4212
3687
3893
3523
4202
4183
4211
4156
4048
3966
4426
3927
3963
4051
4652
4225
4091
3959
3952
4014
3742
4030
3612
4062
3627
4510
3894
4157
3997
3768
4219
4151
4168
4118
3946
3986
3835
4212
4017
3945
4102
4171
4047
4140
3945
4143
4379
3990
3757
3718
4214
3775
4074
4147
4119
3936
3738
3833
3705
3949
4171
4136
4022
4445
3746
3874
3896
3985
3858
4201
3969
4154
4325
4193
4184
3936
4019
3995
3937
3901
3703
4085
4166
3875
4099
3963
4208
4156
4063
4004
4059
3874
3940
3713
4382
4139
4236
4310
4456
3638
4168
4122
4166
3933
3569
3832
3784
4027
3982
3962
3965
4085
4431
4189
3842
4389
3847
4014
3925
4148
4410
3842
4088
3765
3953
4104
3918
3698
3993
4403
4239
4039
3787
3931
4388
3981
4254
3861
4167
3805
3784
3859
3775
3964
3930
4083
4133
3794
3967
4109
3946
3852
4222
4110
4073
3931
4277
3818
4086
4254
3936
4252
3915
3968
4393
4008
3967
4189
3685
3982
3860
4089
4094
4059
4039
4015
4058
3778
3777
3806
4264
3469
4065
3894
4170
3897
3994
3917
4073
4085
4044
3924
3861
3828
4044
3916
4062
4006
3784
4289
3985
3969
3940
4026
4026
4082
4183
4101
3526
3928
4061
3859
4069
4100
4008
4255
3819
4117
3793
3827
3781
3737
3989
4266
4282
4177
3772
4084
3944
3846
3751
4041
3745
4078
3782
4156
4044
4277
3705
3994
3858
4186
4130
3980
4059
4133
4062
4084
4105
3978
4076
4116
4231
4069
4234
3758
4161
3805
3997
3692
3971
3912
4115
4342
4000
4113
3954
4341
3933
4053
3770
3881
3869
4085
3862
3878
3965
4365
3862
4009
4320
4129
3922
4304
3750
3765
4191
4117
3940
4134
3881
4296
4328
3868
3528
3843
4316
3912
3705
4134
3935
3779
3954
4217
3738
4217
4237
3830
4140
4155
4140
3655
3857
3956
3929
4081
4204
3995
3820
3894
3837
4085
4100
4056
4122
3712
4106
4103
4179
4070
4082
3809
3731
4057
4216
4055
3819
4072
3816
3645
4176
3665
3903
4203
3950
3909
4240
3745
3764
3852
3954
3905
4074
3906
4235
4184
3931
3924
3908
3677
4347
4063
4245
3561
3744
3663
4207
3740
4238
3937
4127
3931
3875
3889
4064
4234
4142
3918
3545
4059
3635
3980
4204
4194
4060
4092
3681
3884
4141
3969
3779
4030
3992
3835
3894
4161
4203
3795
3951
4160
4152
3935
4294
3947
3862
4084
4006
3918
4347
3888
3977
4285
4250
3979
4170
4200
3929
4408
4129
3792
4258
3443
4109
3571
4394
3911
3672
4055
3649
3992
4301
4309
3984
3949
3853
4031
3847
3847
3708
4087
3860
3932
4156
3846
4047
4089
4085
3850
4319
4269
3864
4263
3886
3783
3783
4368
4062
3894
4137
4362
3915
3825
4039
3915
4074
4197
4129
3805
4040
3987
3846
4102
3887
4221
4024
4145
3936
4253
3933
4146
4093
4083
4233
3906
4167
3808
4062
4190
3748
4090
4232
4157
4318
4059
4029
4472
4057
4213
3944
3855
4158
4176
3972
4012
3995
4199
3973
3942
3909
4309
3689
3925
3965
3756
3894
4606
4127
4114
4340
3956
3670
4217
3751
3951
4068
3846
4112
3973
4229
4435
4051
3857
4418
3808
4032
4046
4303
3946
3937
4028
4093
4152
3882
3902
4374
3995
3567
3912
3787
3902
4153
4131
3840
3858
4301
4109
3619
3975
3672
4235
3932
3894
3798
4166
4064
4007
4176
4008
3756
3915
3909
3762
3760
3647
3866
3830
4106
4137
4125
3919
4092
4059
3974
3864
4048
4070
4054
3867
3873
4405
4215
4083
3912
3879
4046
4131
3914
3868
4097
4142
3994
3899
4381
4339
4114
4054
3878
3928
4055
4072
4242
3792
3868
4013
4402
4309
4184
3892
3975
4068
4003
3995
4045
3972
4070
3752
4266
4149
3991
3845
3835
4014
4199
4418
3925
4525
4062
4221
3445
4560
3831
4285
3739
3958
4249
3839
4051
3901
4316
3807
3856
4140
4117
3943
3999
4328
4151
4350
3759
3922
4105
4069
3834
3949
4015
3978
3869
4525
3787
3930
4148
4087
4205
4127
4130
4024
3925
3822
4016
4124
4345
3754
3926
4136
3655
4020
4346
3913
3915
3810
4271
4130
3729
4376
4050
4072
4004
3797
4098
3911
4041
4158
3747
3868
3954
4027
4038
4057
3772
4040
3843
3772
3997
4194
4000
3944
3875
4155
4077
3931
3761
3951
3859
4085
3865
3820
3828
3914
4213
4282
4288
3651
3586
3923
3796
4140
3701
4155
3988
3923
3835
3988
4280
4102
4135
3811
3793
4352
4083
3631
3919
4067
3624
4075
4150
4225
3748
4002
3906
4266
4064
4245
4282
4122
4040
4008
3835
3936
4397
4238
4098
3939
4077
4222
4084
4209
3781
3978
3914
3556
3881
3761
3914
3840
3606
3833
4023
4140
4236
3799
3977
4213
4132
3746
3993
3874
4049
4069
3972
3928
4215
3985
4156
4251
4064
4069
4066
4089
3963
3989
4404
4031
3781
4254
4381
4005
3823
3942
3843
3685
4156
3946
3954
3735
3924
3777
3942
3880
4409
3960
3844
3804
3863
4209
3883
3973
4015
4029
3894
4076
3672
3970
4108
3957
3935
3876
4166
4081
4461
4328
3964
4328
4065
4450
3898
4272
4071
4035
3997
4174
4171
3965
3794
4238
3954
3783
4041
3791
3766
4111
4137
4086
3959
4161
3942
4350
3809
3988
3965
3754
3748
3912
3944
3866
3619
3977
4035
3786
3729
4055
3993
3854
4238
4263
3954
3823
4209
3982
4043
3982
3912
4207
4210
3818
4149
3862
4048
3976
3901
4086
4290
4088
4043
3944
3992
4106
3867
4225
4211
3786
4105
4079
4390
3923
4189
3901
4232
4228
4156
3990
3792
4116
4029
3973
4037
3965
3838
3735
3988
4010
3840
4058
3942
3916
3936
4078
4402
3921
4390
3868
4109
3969
4002
4035
3794
4073
3796
4014
3773
4086
4018
3767
4131
3906
3928
4147
3845
3938
3796
3748
3627
4224
4001
3999
4081
3893
4061
3792
4032
3947
3891
3835
3871
3934
4076
3867
3993
4062
4163
4135
3917
3997
3938
4049
3961
4136
3905
3633
3866
3735
3781
3699
3567
4263
4038
3948
4073
3655
4151
4220
3901
3896
4091
3840
4060
3885
3930
4140
3960
3880
4039
3603
3957
4246
3730
4321
3926
4061
3742
3981
4272
4056
4141
3770
3891
3981
3996
3656
3956
3685
4124
4082
3871
4094
3671
4069
3835
4230
4092
4001
3865
3824
4190
3744
4035
4365
3948
3843
4337
3970
4125
3786
4162
3911
4019
3775
4285
4159
3884
3836
3551
4036
3953
3888
3988
4358
3745
3863
4192
4146
3992
4064
3755
4341
4279
4102
4250
4039
4093
3595
4269
4039
4062
4052
4045
3613
4478
3969
3900
4277
4163
3956
3861
3974
4100
3673
3864
4355
4202
4338
4195
4141
4045
4013
3934
3960
3885
4498
4007
3849
3953
4285
4140
3829
4023
3876
3902
3811
3904
3798
3949
3903
3956
4285
4065
3937
4074
4219
4140
4061
4157
3843
3731
4193
4070
3725
4292
4380
4175
3892
3869
3934
4176
3976
4090
3955
4262
4092
4240
3921
4140
4003
4108
4160
4051
3942
3720
4188
4285
4211
4034
4070
3941
4288
4216
4040
4136
4588
3791
4169
4218
3938
4405
4020
4061
3963
4124
4012
3886
3943
3611
4083
4038
4230
3820
3877
3786
4420
3861
3849
3946
3832
4101
3998
4018
4206
4023
4255
3837
3820
3746
4270
4001
4150
4463
3921
3896
3663
4104
3955
4167
3977
3922
3715
3954
4033
4059
4127
3727
3897
3809
4372
3827
4033
3664
3832
3812
4055
4124
3966
3840
4223
3718
3779
3689
4036
4040
3949
3932
4199
3848
3802
4329
4267
3975
3920
4067
3886
3934
3897
4165
3717
4105
4056
4134
3956
4087
4328
4077
4221
3904
3819
3934
4027
3787
3999
4027
4110
4127
4048
4092
3603
4114
3679
4360
3805
4048
4085
3651
3991
3845
4015
4247
4202
4286
3985
4176
3903
3924
3754
4145
4288
3919
4084
3830
3811
3804
3963
3849
3881
3809
4043
3822
4085
4093
4135
3865
4227
4091
3845
3992
3824
3749
4162
3965
3843
4126
4039
4146
3834
4176
4058
3931
4214
4038
3876
3858
3822
3940
4167
3891
3954
4139
3525
4113
3902
3875
3849
3828
4069
3919
4135
4166
4135
3760
4202
4087
4009
4230
4016
4251
4183
3824
3490
3656
4149
3800
3826
4153
3735
4223
3888
4294
3905
3978
4243
4218
4031
4155
4180
4062
3880
4055
4000
4231
4101
3772
4123
3819
4130
4090
3980
4022
3910
3941
4086
3728
4096
3878
4082
4136
3981
4279
4044
3966
4077
3951
3734
3998
3932
4074
3880
3962
4191
4265
4104
3869
3981
3778
3941
4294
4234
4195
3990
4066
4077
4291
4016
3950
4254
4167
3924
4248
4408
4010
4177
4226
3647
3953
4264
3854
3950
4205
4220
4025
4096
3900
4167
3918
4196
4057
4026
3774
4149
4022
3941
4038
4025
3909
3949
4325
3946
4182
3872
3996
4170
4040
4294
3662
4094
4007
4045
4182
3831
3981
3877
4072
3717
3974
4217
3713
4167
3867
4298
4219
4150
4021
4321
4357
3888
4327
4008
4257
3999
3809
4296
3777
3898
3777
4239
4166
3827
4104
3921
3766
3969
4174
4045
3854
3946
4553
3946
3893
3797
4291
4257
4369
3902
4314
4070
4169
3982
4161
4047
3775
4016
3988
4258
4062
3985
4023
4058
3862
3951
4008
3904
3903
4132
4045
4002
4320
4052
3951
3931
3956
3470
3885
4062
3729
4125
4009
3855
4118
3937
4376
4267
3661
3924
4485
4001
4179
4184
4271
4095
3917
4149
4551
3821
4405
4129
4010
4357
3940
3858
4341
3838
3624
3747
4038
3724
4150
3796
3982
4029
3904
3973
4219
4177
4296
3790
3628
4127
4088
3811
3962
4077
3983
4113
3919
3989
3847
3863
4034
4102
3780
4103
4268
4174
4053
3913
4063
3825
3849
3890
3859
4088
3778
4230
4038
3940
4121
4024
4077
3659
3887
3883
4123
4167
3992
4199
4039
4011
4332
4423
3997
3809
4322
4078
4124
3642
3754
3931
4080
3871
3897
3915
4144
3826
3995
4192
3974
3836
4082
3834
3932
4134
4402
4091
3787
3993
4481
4056
4163
4216
4377
4157
4056
3792
4007
3888
3809
4088
3961
3724
4188
4052
4018
3801
4102
3949
3788
4108
3945
4004
4156
4313
3918
3924
4129
3905
3723
3510
3882
3920
3970
3886
4401
3873
4027
4350
3997
4318
3983
3562
4114
3857
4066
3961
4255
4019
4433
3946
4094
4089
3940
4004
4426
4001
4038
4171
4151
4029
4106
3982
4186
4187
4105
4549
3868
4061
4054
3894
3999
3856
3973
4162
3972
4067
3721
3506
4308
4026
3981
4302
4229
3730
4101
3755
4114
4023
3786
4315
3925
4150
3911
4165
3767
3916
4131
3859
4036
4234
4276
3913
3717
4203
3917
3998
4372
3899
3871
3902
3889
3982
4047
3847
3932
3669
3890
3997
3995
3807
3779
3809
3969
3856
3917
3816
3989
4146
3561
3742
4077
4119
4233
4003
4372
4025
3754
4016
4074
4080
3988
3927
4252
4076
4421
3856
4278
4208
4245
3708
3811
3833
3909
4009
3751
4086
4054
4071
4110
4197
3803
3947
3753
4206
3987
4106
4106
3989
3877
4234
4046
4158
3968
4303
3691
4000
4132
4096
4270
4346
3983
4199
3676
4755
4249
3958
3697
3883
3805
4023
3903
4064
3869
3953
3708
3960
4165
4304
4026
4221
4103
3748
4060
4323
3746
3659
3795
3873
3780
4083
4193
4009
4202
4047
4308
3964
4265
3972
3735
3968
3799
3931
4141
4068
4243
4297
3985
3995
3910
4410
4177
4511
3879
4127
3906
4240
3965
4087
3970
4092
3977
3941
4114
4141
4031
3801
4100
3924
3939
4240
3739
4366
4197
4139
4053
3767
4383
4388
3896
3883
4179
3807
4103
4149
4356
4099
3893
4019
3768
3757
4082
4286
3981
4009
3971
4405
3953
3720
4268
3845
4004
3931
4053
3940
4114
4007
4117
4169
4104
3884
4151
4115
3917
3641
3744
3971
4102
3980
4097
3768
3937
4230
4101
3992
3931
3861
3860
4015
3974
3825
4518
3851
4080
4043
3963
4179
3990
3886
3815
4011
3812
3914
4083
3861
4023
3976
4121
4504
3971
4041
3727
4058
3696
4244
3935
4148
4152
4080
4209
3852
4042
4397
4037
3600
3705
4039
3776
4051
3898
3966
4189
3816
3884
3829
3803
3947
3859
4104
4015
4028
4233
4251
3786
3883
3882
3936
3963
4155
4443
4099
4148
3921
3923
4229
4142
4066
3758
4020
4073
4411
4185
3988
3646
3951
4000
3809
4426
4093
4029
4624
4060
3863
4202
4216
4107
3756
3786
3866
4009
3948
3726
4379
3973
3836
4188
4312
4023
4202
3882
3924
3882
3887
4152
4181
4292
3866
4054
4053
4047
4263
3934
3757
3809
3900
3858
3716
4018
4021
3976
4209
3811
3932
3920
3804
3971
3834
4052
3929
4218
3989
4074
4286
4261
3878
3771
4363
3870
4358
4357
4056
3931
4024
4064
4218
4569
3975
3936
4093
3816
4225
3723
4016
3921
4175
3926
4078
4107
4066
3900
4248
4007
3810
4059
3919
4258
4116
4061
3661
3777
4140
4058
4039
3933
3784
4222
3951
4035
4025
3895
4420
3909
4040
3976
4114
3995
3922
4024
4060
4243
4195
3816
4079
4117
3815
3968
4388
3770
4184
3791
4077
4114
3803
4059
4026
3942
4119
4095
4236
4155
3791
4009
4100
3944
3929
4125
4071
4045
4271
4049
4193
4021
3948
4105
3888
4217
4209
4134
3699
4100
3970
4145
3864
4110
3949
3962
4308
3994
4374
3851
3955
4049
4145
3971
3772
4253
4165
4136
4161
4130
3610
4225
4130
4153
3977
4186
4025
4199
4368
3879
3920
3905
4064
4057
4114
4395
4255
4114
4014
3843
4023
3922
4153
3934
4064
4038
3891
4244
3964
4396
3860
4228
3747
4000
3885
3900
4146
3797
4171
4144
4011
3976
4345
3787
3984
3844
3949
4083
3899
4357
3683
3951
3633
4253
4350
4098
3766
4112
4058
3978
4059
3940
4350
3758
3864
4119
3730
3976
3899
4161
3741
3940
4244
4123
4075
4303
4200
4085
4016
4043
3882
4145
4108
4197
3848
3830
4261
4048
4128
3959
3920
4261
4149
4157
3918
4046
3855
4214
3949
4181
4059
4194
4262
4179
3707
4053
4035
4113
4086
4148
3982
4378
4219
4360
4271
3957
4161
4153
4055
4162
3614
3678
4127
3810
3834
4342
4102
4044
3731
3742
3810
4103
3872
4105
3800
4443
3852
4172
4025
3918
4003
4331
3808
4066
4004
4095
4085
4234
4182
4035
3910
3921
3757
3670
4026
4065
4028
4059
4200
3928
4163
4116
3944
3770
4115
4253
4013
4171
4097
4044
4136
4225
3814
3870
3897
4085
4805
4166
3700
3697
3964
4361
4195
4125
3843
4191
4047
3750
4332
4034
4159
4068
4055
3701
4182
4037
4088
3747
3919
4173
3998
3669
3758
4135
4012
4087
4337
4024
4006
4186
4218
3994
4141
4270
4028
4069
4048
3676
3803
3912
3954
3953
3930
3969
4071
4238
4438
3910
4081
4383
3981
4097
4093
4079
3863
3846
4109
4261
4164
4067
4175
4078
4024
4176
4209
3910
4086
4381
4155
3917
4125
4057
4210
3645
3910
3996
3921
4097
3734
3932
4182
4032
4204
3924
3760
3843
4076
4197
3830
3998
3834
4003
4076
3984
3919
3699
3907
4476
4019
4013
4306
4245
4360
4225
3723
3930
4025
3894
3794
3781
4100
4188
3808
4208
4039
3692
3994
4018
3864
3774
4138
4473
3984
3983
3872
4095
3777
4138
4360
4160
3886
3961
4452
4158
3929
4101
3545
3862
3724
3810
3972
3728
3966
4088
4251
3885
4423
3933
4274
3966
4085
4350
4254
4060
4029
4246
4165
3945
3996
4285
4274
4062
4286
3944
3768
4301
4332
4650
3940
3975
4015
4135
4510
3765
4043
3847
3946
4127
3985
3940
4149
4047
4106
4230
3871
4153
3557
4037
3979
3873
4128
4271
3930
4188
4141
3733
4033
3769
3902
4078
4224
4142
4142
4102
4111
4159
3806
3780
4172
3858
3792
3910
4232
3868
3955
4241
3888
4207
4133
3871
4089
3798
3928
3684
3808
3902
4206
3738
3990
4339
4017
3849
4031
4164
4059
4473
3959
3995
4008
3946
4180
3718
4264
3926
3866
4064
4155
4203
3914
3730
4160
3949
3898
4036
4066
3697
3777
3962
4257
3952
3986
4060
4031
4178
3884
4088
4111
4014
3987
4111
3985
4172
4077
4110
3915
3994
3680
4085
4014
3973
4090
4176
3803
3919
4046
4198
3794
3862
4225
4047
3944
3853
3932
3870
4164
3897
4060
4428
4028
4015
3958
4101
4052
3886
3740
3974
4219
3953
3908
4326
3975
4083
4255
4201
3935
4354
3768
3835
4048
4224
3691
4137
4034
3980
3972
4213
4259
4076
4032
4035
3858
4235
4136
3811
3816
3944
3961
3966
3994
4226
4008
4194
4038
3908
4011
3884
3874
3869
3727
4337
4110
3836
3965
4151
4112
3969
4080
4213
4031
3995
3926
4029
4379
4052
4138
3875
4026
4023
4235
4401
3901
4169
4253
4059
3970
4014
4110
4250
4492
3987
4135
4243
4086
4197
4203
3939
3887
3732
4089
3990
4364
3816
4076
3903
4196
4428
4250
4066
3857
3971
3821
4124
4077
3893
3688
3978
4204
4129
4011
3966
4004
3966
3712
3970
3971
3674
3929
3564
3931
4340
4104
4188
4002
3856
3789
4082
4017
4190
3794
3983
3756
3901
4003
4280
3820
4145
4146
4248
3958
4071
4006
4040
3983
4010
3917
4036
4023
4163
3907
4127
4009
4013
4154
3918
3908
4077
4153
3904
3861
3758
4126
3700
4047
4049
3857
3780
3787
3867
3877
4105
4032
4103
3893
3796
3576
3953
4062
4090
4195
3957
4114
3922
4007
4539
4369
3744
4070
4457
3996
4416
3852
3924
4064
4000
3955
3758
3561
4031
4235
3924
3920
4105
3964
3982
3777
3903
3913
3997
4301
3997
3691
4265
4223
4099
3706
4014
4195
4128
4097
4001
3755
4082
4368
4111
3909
4099
4012
4402
3931
4084
4192
3937
4001
3864
3893
4334
4165
3734
3837
4245
3995
4078
4132
4089
3786
4107
3525
3853
4052
3909
3837
3864
4092
4031
3987
3798
3829
4109
4218
4201
4246
3815
3851
3930
3993
4404
3718
3937
3777
3831
3946
4036
4407
3976
4375
4118
3883
4071
4083
3904
3944
4227
3950
3821
3991
3928
4222
3650
4079
3828
4221
4025
4088
4082
4086
3902
3932
4114
3786
4061
4232
4031
4280
4086
3917
4259
4039
4095
3918
4140
4259
4128
4196
4034
3987
3883
4001
4387
4056
3853
4055
3887
4037
3792
4069
4459
3675
3767
4050
3961
4309
3760
3826
4129
3853
3950
3992
3791
4079
4424
4159
4202
4053
3557
4127
4171
3828
4100
3957
3953
4170
4231
4137
3993
3930
4021
3827
3792
4053
3983
4109
4246
4082
4145
3949
3859
4166
3901
3761
3840
4022
3811
3979
4168
3915
3662
4116
3798
3934
4409
4114
3738
3949
4000
3803
4173
4127
3972
3966
3813
4020
4225
4393
3614
4270
3608
4152
3785
4286
4124
4022
3990
3951
3895
4019
4073
4089
4196
3746
4136
4279
3797
4180
4002
3852
4048
3644
4012
4015
4253
4025
4143
3921
4100
3676
3618
3848
3670
4307
3790
3793
4167
4249
3577
4088
3911
3970
4133
4005
4170
3765
4291
4045
4134
3999
3817
3808
3906
3670
4109
3900
4208
3997
4020
4173
3798
3839
4212
4097
4307
4050
3911
3895
3754
3871
4282
3809
4020
4079
4064
3923
3970
3840
4015
3858
3919
3923
4171
4047
3943
3903
4585
4391
4241
4368
4058
3977
3776
3931
4169
3917
4109
3751
3958
3930
4066
4186
3935
4169
3919
3982
3925
3924
4174
4361
4368
3895
4019
4092
4462
3822
4019
4017
4079
4382
3910
4300
4145
3925
3890
4020
3945
4042
3906
4209
3799
4236
3965
4022
4004
4075
4229
3586
4050
4011
4083
3976
4099
4224
4106
4208
3887
4100
3988
4050
4095
3990
4333
3862
4004
3752
3776
3973
4447
3775
4131
3872
3928
3799
4222
4157
4108
4238
4435
3991
4269
4006
3827
4073
3751
3963
3863
4252
3699
4210
4300
3774
4068
3851
3868
4103
3462
4187
3661
4108
3610
4108
3954
4069
4010
3745
4165
3889
3830
4176
4088
3950
3755
4119
4082
4011
3865
4235
3916
4154
4038
3765
4233
3862
3653
4127
4313
3994
4003
3762
4103
4267
4085
4092
3717
4115
4100
3707
4231
4174
3971
3804
4444
4016
3890
4028
4051
3763
3943
3976
3713
4247
4033
4137
4049
3972
3927
3958
4036
4042
3898
4161
3983
3935
4011
4090
4011
4442
4158
4092
3708
3774
3998
4037
3802
4269
3818
4056
4062
4155
4140
4194
4095
4062
4181
3969
4170
4000
3836
4147
3970
3652
3960
3980
4163
4211
4001
4145
3942
4061
3946
4198
4170
3984
4266
3507
4017
4102
4052
4014
4120
3910
4147
4222
3803
3917
3959
4057
4044
3905
3816
3916
4029
3837
4187
4121
4326
3795
4048
3970
3832
4064
3927
4211
4037
3904
3904
3952
3890
4089
3887
4208
4201
4121
4210
4050
4134
4041
3997
4215
3802
4069
3972
4271
4000
4129
4230
3947
4000
4133
3868
3985
3756
4003
3946
3801
3896
3876
3987
4446
4024
4256
4030
4078
3650
3891
4081
4115
4052
4280
4226
4119
4130
3802
4181
3598
3856
4207
4160
4030
3871
3821
4143
3815
4190
4071
4028
3995
3983
3671
4208
4545
3645
3855
3736
4059
3913
3952
4063
4050
4035
3661
4279
3911
3890
4048
4144
4019
3975
4227
4025
4407
3607
4050
4108
4353
3971
4060
3971
3902
4207
3945
3744
4106
3781
3891
3913
3973
4025
3618
3804
4293
4232
4088
4193
4325
4110
3984
4059
4137
4087
3833
3855
4155
3978
3907
3870
3805
3925
3994
4161
3924
4033
4161
4496
4127
4141
3740
3995
3676
3985
4417
4232
3716
3898
4069
4019
4027
4015
4067
4014
4203
3941
4054
3649
4000
3718
3646
3978
3920
3935
4270
4360
4175
3689
4111
3985
4167
4043
3958
4059
4124
3959
3967
4216
4191
3935
4177
4194
4104
3958
3836
3874
4105
4112
3852
4012
3930
4212
4035
4153
3920
4012
4241
4200
4134
4018
4004
4070
4041
4260
3866
4274
3886
4243
3953
3692
4201
4142
3980
4159
4179
3550
4127
4074
3844
4016
4183
3939
3677
4015
4178
3948
4007
3749
3978
3952
4091
3916
4198
3825
3893
3975
4021
4252
3873
4042
3867
3640
