0
764
599
578
705
653
641
716
685
587
686
701
595
638
551
718
732
668
642
637
613
722
632
606
666
635
687
626
558
628
629
811
588
770
602
606
695
598
712
750
707
674
775
647
747
690
581
667
649
669
719
641
650
721
651
670
677
662
599
712
660
666
662
559
689
707
680
642
685
617
663
627
616
647
667
626
679
607
684
657
673
694
645
634
708
644
641
662
671
684
731
682
686
671
720
597
616
635
693
653
622
570
596
772
683
621
709
609
660
556
667
617
665
664
731
625
651
713
594
601
677
636
651
723
696
574
653
607
708
696
737
617
672
659
629
645
701
709
684
654
690
707
702
680
660
631
549
636
664
664
628
690
716
650
689
621
670
628
636
671
618
643
622
669
688
644
613
677
712
639
665
676
704
654
693
605
651
628
652
633
585
653
665
654
584
716
750
700
652
687
631
665
760
664
597
640
714
742
696
553
633
725
613
786
685
615
748
743
651
666
601
675
591
633
720
583
608
608
644
615
583
605
760
690
646
627
592
717
687
678
695
628
564
688
640
691
593
610
677
653
562
600
718
683
681
589
645
601
655
583
693
713
716
703
653
623
610
661
650
611
675
646
630
672
663
623
640
676
669
731
844
698
680
663
650
681
691
692
620
591
769
620
693
728
607
630
754
587
759
677
732
625
645
640
695
632
717
672
607
691
659
603
627
672
648
678
642
597
674
634
580
603
709
619
671
735
572
613
721
641
634
708
615
744
647
677
661
745
612
640
631
678
666
687
675
592
635
616
635
716
575
727
667
651
561
652
599
696
724
633
620
628
686
646
653
715
681
677
599
566
658
703
669
696
637
756
599
654
698
620
632
698
623
611
643
632
684
667
644
710
628
572
624
620
688
645
632
616
651
709
580
713
657
671
544
683
595
712
775
654
711
680
699
664
650
671
725
578
684
662
646
704
788
675
652
688
656
621
602
744
591
641
647
764
635
597
648
676
597
564
633
674
699
560
746
692
579
713
674
593
714
633
631
644
708
587
630
686
755
727
625
579
638
584
689
607
765
606
668
720
706
587
674
596
687
670
741
685
713
604
635
575
637
744
720
703
666
717
658
630
674
654
617
611
578
632
606
713
584
737
648
621
592
736
728
738
697
668
603
724
689
634
561
708
720
546
682
693
585
657
687
649
738
703
645
623
637
645
634
747
632
691
666
656
669
676
615
652
602
605
733
691
704
658
731
729
647
588
619
622
665
720
666
732
625
639
595
697
648
678
668
713
641
597
634
637
636
610
648
582
655
730
699
648
667
652
625
702
683
632
562
727
777
731
682
643
610
615
655
557
640
586
668
699
606
674
710
667
746
588
635
571
713
675
711
635
627
807
670
711
748
661
643
651
705
665
719
619
584
802
674
673
719
771
662
678
606
740
591
611
588
657
617
736
552
701
587
627
625
702
680
584
797
646
680
645
604
626
615
646
696
613
599
668
697
668
577
591
714
692
626
552
802
655
609
633
700
570
587
732
671
648
731
557
652
610
615
688
660
594
770
697
572
629
661
650
580
698
639
702
691
597
695
695
637
708
653
667
689
656
540
680
652
616
653
749
670
606
684
620
690
693
692
647
677
669
580
647
601
689
643
637
679
578
616
696
617
641
655
595
660
617
684
669
710
575
614
662
651
708
679
685
598
677
623
684
681
647
617
690
664
688
680
570
650
718
674
637
710
670
603
646
602
622
606
752
644
696
571
652
576
641
743
639
713
802
717
652
689
745
651
760
598
694
680
761
755
627
635
710
711
836
664
657
637
597
757
684
707
645
657
718
660
581
531
674
621
643
719
645
624
617
658
610
665
743
646
606
706
755
698
713
774
656
698
793
610
607
660
667
608
704
654
708
666
709
654
703
768
612
541
740
637
633
667
682
600
644
714
651
686
656
588
639
655
582
596
596
598
661
760
614
599
774
712
618
624
679
585
671
652
696
687
687
695
697
635
664
735
642
601
628
729
658
586
718
718
614
609
610
601
651
706
730
649
697
694
682
716
711
630
678
674
680
625
714
687
632
641
667
609
718
766
608
748
638
742
723
628
624
559
708
652
611
649
695
672
652
612
612
700
748
615
682
667
675
673
773
578
708
673
669
707
595
590
641
737
742
638
639
622
699
718
649
706
683
632
637
662
715
657
592
637
634
703
609
611
570
574
703
688
619
670
677
589
626
604
670
651
667
639
607
677
638
609
618
629
703
620
648
667
704
714
680
661
651
543
598
672
778
642
713
678
713
626
649
532
580
603
691
640
714
648
691
756
594
708
613
675
734
669
705
746
658
644
721
615
764
684
594
651
643
640
625
737
658
718
661
607
599
661
611
657
702
726
608
715
639
650
657
711
629
664
639
714
732
581
634
710
672
581
557
600
610
668
592
664
743
577
704
683
622
692
636
648
661
661
611
593
617
682
635
555
601
626
693
686
658
716
692
654
567
614
656
757
619
633
701
669
752
722
700
706
722
720
656
581
613
618
679
602
624
628
614
685
592
741
656
617
633
722
704
649
628
621
791
694
641
679
653
663
709
634
643
600
648
665
715
676
610
653
647
685
646
648
689
613
739
635
641
706
549
627
688
747
715
669
652
656
630
674
669
704
507
580
699
699
616
614
670
612
683
662
761
699
681
631
714
602
668
663
571
634
619
661
640
738
660
676
692
626
649
741
590
576
680
673
610
681
643
713
674
635
663
707
641
661
659
654
725
653
697
662
647
707
660
738
538
719
647
608
644
755
666
613
663
646
691
643
656
659
651
780
560
675
631
716
645
726
682
554
667
776
672
747
657
665
711
678
685
679
646
550
651
697
623
695
643
759
774
615
688
633
721
616
708
657
638
649
651
623
646
777
706
714
670
757
643
629
705
534
650
644
636
662
743
691
679
598
728
662
682
590
639
620
646
648
678
767
608
570
689
599
678
691
699
687
591
698
635
714
648
655
725
593
729
607
652
625
691
792
669
617
599
694
615
737
660
622
571
647
622
707
601
656
604
656
615
727
705
597
597
666
652
628
633
647
670
637
666
698
641
617
689
678
631
663
604
619
716
601
673
752
638
763
667
608
650
719
621
694
630
674
604
569
749
805
706
725
640
611
610
646
655
638
607
667
698
670
715
679
728
700
712
654
662
643
697
747
654
673
653
688
742
695
629
603
587
631
656
705
739
758
657
658
659
704
717
724
706
677
556
720
596
645
734
693
550
633
648
633
597
746
561
640
647
611
703
700
642
718
664
706
570
597
644
711
719
571
747
591
597
673
630
652
690
616
824
670
735
650
737
701
558
594
586
667
646
663
661
712
720
596
657
614
590
713
627
627
657
719
640
546
691
752
681
545
638
720
620
716
646
733
659
688
657
564
588
693
637
705
640
611
634
713
710
681
711
642
684
606
615
735
578
660
554
708
660
636
635
694
588
748
571
638
679
723
637
695
677
687
751
665
711
692
710
579
629
606
581
673
762
680
627
744
690
669
612
722
718
741
581
684
731
662
647
678
716
633
710
556
733
624
616
615
676
699
602
619
665
709
592
733
631
659
768
672
580
648
686
676
673
659
567
641
747
726
678
609
643
636
690
630
778
608
702
776
708
638
709
671
647
764
644
681
676
656
707
724
535
658
701
608
657
684
718
735
662
532
690
627
675
663
547
646
648
694
677
707
616
669
615
748
692
656
667
670
617
595
584
689
632
604
612
688
643
595
671
712
687
644
637
680
698
621
620
697
630
678
696
665
672
682
674
785
702
632
737
703
617
715
660
647
639
637
647
690
642
600
659
702
606
704
638
668
628
730
601
700
632
704
654
634
638
665
703
607
682
705
647
722
777
616
797
647
576
654
618
632
620
689
698
689
592
760
655
644
685
518
698
621
607
615
757
648
640
658
676
647
654
673
627
586
639
684
748
695
661
751
571
710
666
745
667
658
660
655
701
705
584
720
706
637
652
595
674
642
631
656
665
657
710
662
705
683
632
693
576
684
681
669
698
616
699
646
682
737
605
648
761
770
604
696
658
606
665
657
629
587
706
643
649
681
593
678
680
628
663
661
719
598
641
640
639
639
626
661
642
659
683
625
564
695
717
641
626
625
726
627
602
612
641
679
671
669
659
658
675
762
613
643
702
747
619
682
680
679
681
647
641
646
611
661
696
626
711
662
631
598
666
572
631
676
659
638
622
602
655
711
704
671
672
686
695
708
590
607
707
678
702
703
598
616
599
740
655
666
713
622
635
696
644
660
616
661
647
598
661
672
651
615
691
575
638
628
666
745
627
678
638
669
578
688
708
766
685
659
697
676
606
700
653
603
626
684
723
599
719
719
688
661
638
702
619
658
677
667
653
616
668
711
663
616
665
678
645
744
679
634
671
660
581
615
635
600
622
662
610
746
755
677
690
597
568
679
663
606
747
629
636
627
712
658
650
710
679
705
735
656
618
656
672
647
637
717
718
655
625
682
648
672
659
614
568
604
751
666
701
706
624
709
698
580
698
642
650
677
706
712
679
707
670
661
634
616
671
695
625
684
638
638
759
669
678
690
643
709
660
748
681
623
583
681
654
643
618
673
710
694
733
683
646
571
712
709
735
671
666
699
585
686
657
626
596
646
656
718
611
706
695
642
692
704
618
654
743
650
584
563
587
705
636
591
712
600
621
675
699
608
618
576
625
697
580
733
587
624
797
647
645
683
732
681
597
725
655
695
658
672
578
677
723
647
695
768
660
703
659
657
641
644
646
686
720
739
642
605
661
849
667
665
722
734
634
665
629
594
708
707
640
722
634
694
654
602
620
679
672
638
638
608
584
621
625
658
711
637
702
721
677
598
654
615
638
644
651
649
635
626
636
611
666
679
635
573
589
706
657
621
699
673
675
662
665
700
716
735
601
804
633
780
664
699
696
596
689
731
664
634
608
666
596
592
698
630
628
684
564
651
735
639
670
728
630
579
543
593
663
619
764
654
662
656
582
715
679
611
754
660
632
662
586
694
723
702
608
613
686
735
633
637
607
721
703
606
798
691
740
598
651
649
700
660
647
648
661
689
656
770
617
626
547
647
765
676
738
662
633
752
613
701
594
685
647
594
610
637
614
602
641
645
612
725
700
559
775
670
680
652
609
679
732
636
637
612
667
652
718
713
644
624
660
580
660
604
595
723
673
656
716
669
669
682
656
656
688
582
735
700
558
568
713
801
629
619
567
652
667
643
604
658
660
627
669
616
591
628
793
672
644
601
749
721
615
661
641
682
687
691
659
682
656
649
634
630
702
569
689
653
764
648
714
633
663
552
726
653
664
589
601
657
637
685
714
769
726
625
718
674
753
585
584
709
683
706
612
631
600
600
642
688
664
612
725
594
660
645
661
608
617
660
642
711
608
613
763
636
661
654
642
621
602
654
753
687
643
624
655
595
743
637
650
660
649
604
677
681
673
638
621
793
695
621
722
644
651
635
732
623
631
649
679
676
701
569
600
620
612
648
588
664
613
662
586
671
686
602
599
632
658
641
644
678
679
642
669
690
747
597
674
703
649
617
685
603
702
640
750
762
764
657
683
619
622
594
612
621
844
590
701
744
684
607
636
677
659
751
623
626
661
754
648
660
681
681
641
685
657
658
695
667
719
645
640
685
677
585
617
635
681
707
564
711
624
706
629
722
634
697
787
706
708
657
648
671
681
602
687
648
650
736
714
626
622
667
724
685
678
614
619
708
663
596
662
670
603
729
642
696
534
666
673
603
612
737
772
572
544
596
633
622
652
675
621
534
643
637
608
647
693
653
663
658
599
583
705
657
673
666
594
624
605
611
617
590
612
672
657
691
672
611
651
605
585
731
687
716
596
650
579
666
587
741
683
564
618
644
660
611
708
652
630
713
718
625
619
707
654
640
656
735
676
594
587
740
658
617
663
681
657
734
648
718
645
561
723
649
679
630
631
667
718
609
601
667
698
645
663
709
702
619
624
686
633
634
574
560
721
620
648
767
745
757
656
531
708
696
648
565
654
646
666
602
683
658
700
558
660
775
659
663
696
569
666
647
620
646
726
671
648
694
658
596
703
664
654
627
784
739
663
689
632
637
611
604
571
651
607
690
600
725
622
727
659
672
648
684
633
718
625
570
682
793
607
629
686
648
585
722
700
620
633
663
617
747
645
703
624
584
618
633
700
701
752
621
644
728
719
643
621
611
629
599
539
633
663
577
605
703
699
694
563
626
669
706
669
606
667
662
733
718
601
707
578
715
727
692
729
748
588
605
671
738
735
540
702
678
648
632
679
630
658
645
618
641
677
592
654
631
659
606
628
653
718
701
666
727
655
641
651
632
562
675
673
656
691
589
686
584
757
716
582
661
607
654
561
657
692
629
614
688
684
618
664
657
749
688
716
602
614
644
604
711
662
685
586
586
624
675
635
656
617
689
716
652
671
605
619
612
630
648
678
689
661
758
735
584
589
750
627
620
693
627
662
636
711
751
608
689
637
725
637
680
617
604
662
651
659
640
671
638
683
726
627
641
729
761
695
748
729
643
556
665
605
691
685
662
709
752
591
651
635
632
781
617
539
605
639
714
716
646
646
572
629
628
740
617
691
637
622
684
665
699
653
600
652
638
605
697
675
686
713
721
518
638
682
665
684
593
694
646
686
637
654
622
627
713
552
717
687
649
613
664
744
665
650
681
631
747
660
687
685
600
681
608
732
637
694
655
573
704
732
647
743
764
664
676
641
625
732
662
665
695
710
599
573
651
662
759
665
692
732
670
634
728
698
669
707
662
683
676
652
555
644
617
673
735
647
713
618
672
697
683
641
625
691
633
709
595
635
693
650
694
623
681
658
636
618
711
655
730
640
629
674
715
645
661
716
655
639
643
744
656
599
687
585
623
617
611
605
606
658
605
667
679
702
657
685
718
637
678
658
639
665
678
638
661
672
686
667
630
712
657
673
687
769
657
596
572
694
650
689
691
602
665
669
665
580
662
650
624
714
699
716
700
655
745
795
643
576
638
626
682
712
621
521
599
706
821
678
680
635
685
726
678
653
718
701
661
745
645
623
636
699
712
639
755
712
741
710
631
698
602
665
688
720
707
697
676
581
665
614
628
742
634
679
675
667
642
613
684
653
663
597
669
590
598
636
678
715
636
689
696
686
697
604
606
738
605
695
640
664
739
608
688
636
601
685
641
648
692
664
707
668
635
642
598
589
623
721
662
663
560
706
550
703
653
651
635
641
675
731
591
694
672
576
564
679
608
637
665
696
640
657
622
666
635
698
725
645
606
761
700
688
625
607
655
740
746
698
712
688
782
638
711
661
640
517
676
627
641
682
710
648
684
697
705
602
690
693
719
606
682
622
743
665
650
588
638
678
751
675
627
561
599
642
668
602
780
655
705
568
690
632
542
654
585
609
634
733
689
724
695
687
648
686
699
766
659
594
672
547
702
689
681
699
675
719
649
614
599
645
767
677
685
618
660
711
626
560
610
637
589
650
613
648
686
705
631
708
633
725
701
667
739
584
697
650
689
708
585
631
641
607
625
702
747
630
675
698
679
724
657
671
631
682
561
606
689
707
712
652
663
627
573
658
600
647
671
685
622
678
684
649
642
619
583
594
649
665
638
691
681
674
644
622
674
718
604
612
688
712
594
605
670
643
660
635
663
718
623
684
697
773
630
617
679
716
689
613
670
664
703
721
731
704
586
689
655
738
631
690
670
667
727
629
669
711
624
732
712
766
640
613
644
693
647
747
595
636
694
672
745
666
690
636
653
571
707
611
587
631
658
664
693
769
553
605
688
689
653
631
689
663
628
672
603
637
613
714
693
721
704
686
715
767
613
594
619
687
670
694
696
616
661
688
600
736
709
649
667
582
675
670
604
692
566
590
721
700
625
630
661
683
646
743
692
623
712
636
643
660
733
686
657
693
653
667
686
618
631
599
648
657
744
689
720
612
697
653
570
713
643
646
699
697
690
635
643
617
644
650
627
670
704
608
649
613
677
605
683
717
707
640
607
670
677
639
606
635
739
619
652
621
609
707
663
685
706
593
591
720
692
671
731
701
743
645
654
719
682
606
602
547
608
677
568
666
644
610
730
646
654
695
662
583
591
671
555
641
664
624
728
614
586
652
711
616
668
600
654
687
681
630
622
536
675
617
634
622
620
696
640
664
635
690
604
651
637
700
671
785
601
658
622
696
624
743
718
770
631
700
588
536
662
675
727
687
599
664
722
589
695
631
751
642
601
656
644
636
565
724
658
565
636
651
596
609
717
684
727
669
706
708
664
662
711
643
639
652
614
657
656
701
637
631
671
702
634
594
728
673
613
632
639
619
703
705
568
628
650
736
709
635
582
616
654
582
620
713
625
626
652
608
714
581
683
603
702
613
693
572
674
553
673
656
633
659
751
619
651
641
699
582
659
681
692
766
658
677
668
657
601
589
734
644
659
615
654
656
643
663
588
600
597
629
650
550
600
676
632
666
638
613
759
596
639
605
573
583
717
630
623
652
623
622
648
666
734
638
658
554
644
637
712
681
627
710
728
656
648
705
720
659
674
660
605
640
658
682
626
639
748
712
691
667
653
768
658
719
717
721
649
707
654
578
807
619
586
695
770
721
568
656
630
643
580
647
613
701
691
701
669
577
576
637
696
660
660
733
619
650
663
710
676
729
639
669
670
650
587
639
574
715
646
677
721
613
666
678
644
702
675
579
604
679
712
698
634
700
736
597
621
692
775
603
665
531
619
635
657
660
681
760
649
715
644
652
653
670
725
620
612
635
702
568
600
704
661
579
658
617
683
634
669
626
635
651
639
659
645
633
681
648
670
641
610
675
642
776
659
652
542
690
645
626
708
726
734
654
671
675
650
614
654
670
716
593
671
716
566
654
619
662
650
676
640
639
686
713
598
587
650
665
762
588
696
659
698
665
785
703
651
659
666
674
596
693
649
734
631
719
640
730
620
685
612
710
669
648
710
603
631
663
618
614
698
741
610
752
737
685
676
669
616
694
656
732
655
707
662
634
740
656
591
718
663
607
622
683
655
679
666
738
626
696
796
630
734
629
601
675
682
665
659
701
681
609
608
716
626
638
686
604
655
664
679
697
648
699
638
676
630
730
720
602
721
733
683
728
659
700
652
660
635
719
654
611
684
591
651
631
582
621
591
609
671
738
570
643
655
683
659
638
601
621
590
620
699
599
685
655
606
703
739
633
697
685
664
594
643
725
696
615
670
618
733
555
645
664
647
730
611
610
650
631
765
673
651
681
589
643
688
618
854
689
667
641
670
644
704
643
607
704
664
669
623
592
608
629
644
749
668
707
672
564
611
625
645
588
608
702
709
727
640
636
637
705
664
664
673
695
587
624
653
650
669
685
679
661
648
614
708
664
654
610
663
679
599
675
694
594
760
685
621
663
598
753
751
661
710
679
602
597
658
661
670
606
640
713
589
658
754
613
703
605
649
683
687
647
710
678
632
628
630
658
695
705
746
647
550
665
662
644
651
578
626
745
616
683
639
675
549
734
768
709
744
689
640
680
684
655
615
756
690
689
788
590
664
721
673
643
659
613
723
688
657
635
655
724
630
628
734
725
635
648
682
695
624
718
725
738
677
685
590
649
606
711
684
697
598
581
681
664
670
593
689
675
642
707
675
738
671
630
670
594
751
650
662
618
617
677
681
733
690
616
636
690
662
709
673
653
597
627
670
666
649
616
738
679
694
580
664
672
706
625
611
738
685
720
703
635
632
679
664
635
694
709
647
585
604
666
639
629
717
645
686
650
692
652
595
642
761
689
645
643
639
561
632
706
707
690
647
688
526
681
632
614
677
721
685
559
660
659
617
644
623
629
609
637
563
608
598
662
647
616
668
636
749
528
591
623
621
614
675
579
654
740
748
617
638
577
609
746
641
702
656
814
622
700
747
687
651
676
722
674
631
642
663
758
624
693
671
723
685
637
679
674
672
661
602
637
650
651
675
560
663
695
654
645
603
646
676
762
694
657
610
665
693
593
632
686
768
689
633
654
608
669
727
662
707
727
722
568
687
583
641
620
706
649
590
747
579
612
694
722
558
637
525
650
660
628
627
649
712
664
646
732
645
821
655
693
621
743
710
624
705
703
578
624
588
744
629
607
638
629
674
744
634
641
677
652
657
672
755
574
623
726
670
746
834
705
723
672
673
639
630
671
683
663
614
634
612
670
581
633
650
684
646
647
677
583
604
626
684
700
659
627
779
660
658
696
702
692
665
622
756
662
657
695
721
603
712
714
682
608
562
650
782
636
733
667
684
622
691
729
680
710
635
708
597
669
721
624
655
758
684
722
705
626
648
692
654
600
662
644
709
660
719
589
702
581
642
641
662
646
608
529
658
631
659
631
657
637
675
675
694
663
632
661
622
682
632
696
781
617
632
642
600
702
704
631
698
592
681
654
628
624
762
679
690
563
680
620
632
651
684
761
651
732
742
713
588
687
701
670
696
652
659
698
703
668
667
695
586
729
673
703
608
653
629
638
569
751
590
567
690
749
662
700
686
674
602
640
684
650
680
674
689
759
655
657
610
591
664
633
607
610
655
653
681
731
637
772
619
653
589
655
734
584
633
714
607
627
645
722
707
615
619
686
670
734
641
603
644
580
718
718
669
668
716
692
711
605
722
666
685
619
677
677
674
663
683
759
604
615
698
667
637
661
670
647
683
627
593
590
614
625
659
728
638
650
596
711
602
544
714
609
688
664
591
615
720
703
685
688
639
711
688
666
692
720
714
546
651
583
668
654
768
612
690
681
611
710
591
629
675
588
678
627
694
608
649
567
749
712
727
628
606
720
741
669
686
607
784
748
587
717
676
621
653
670
679
675
631
636
696
725
611
682
618
691
560
692
715
693
647
695
647
640
727
647
637
627
724
574
626
519
672
681
622
691
636
669
669
552
706
593
674
643
645
643
644
600
607
653
615
664
675
715
689
599
613
673
646
764
570
608
647
766
629
685
712
649
655
568
670
724
717
657
678
726
706
600
590
705
673
619
656
724
584
652
639
712
546
647
734
690
749
648
618
656
647
644
609
602
661
622
615
621
698
624
637
601
633
609
665
607
670
635
758
734
708
636
648
668
693
657
701
643
646
628
701
607
592
726
569
640
725
695
648
710
734
655
632
692
640
647
692
676
612
600
702
559
680
764
774
657
613
668
713
614
708
664
688
663
669
673
647
689
636
753
694
686
583
699
705
643
665
647
604
736
624
676
608
612
679
735
666
640
680
665
716
687
622
700
714
617
677
800
618
668
670
665
595
653
685
672
680
735
739
635
566
693
685
637
606
607
572
606
652
680
678
672
665
669
755
707
604
652
645
649
594
624
645
629
526
633
713
670
734
704
590
677
654
681
601
636
706
722
723
666
583
630
720
665
577
720
590
728
617
611
628
703
664
777
684
692
622
650
608
681
567
636
681
600
682
813
571
639
690
633
670
603
697
648
642
624
626
545
624
548
704
593
646
724
687
679
701
567
731
626
658
663
674
766
643
655
630
639
664
671
703
712
738
559
606
669
611
705
603
698
656
693
603
709
653
687
617
722
710
612
699
661
622
688
623
659
654
658
599
684
578
636
649
625
684
692
621
704
605
718
791
721
614
676
742
630
596
768
687
617
650
668
736
690
664
672
690
699
632
636
656
726
654
683
682
766
618
615
608
623
676
614
684
642
700
790
716
695
644
673
628
665
594
634
651
560
673
588
660
685
687
749
638
666
674
627
666
655
716
735
616
708
618
695
697
649
638
692
652
582
669
556
740
673
726
596
620
699
593
629
698
707
655
742
626
622
614
642
704
579
618
707
648
652
690
646
617
555
623
681
718
670
579
692
719
645
723
657
610
646
637
724
703
738
675
634
647
671
701
754
641
668
668
645
680
704
632
622
743
647
700
653
562
709
647
600
590
650
672
703
629
725
679
687
609
663
632
557
557
669
667
734
688
703
669
664
656
651
569
783
700
593
605
604
612
681
704
652
645
667
649
786
696
709
649
656
659
630
738
685
723
596
643
633
670
558
666
651
741
658
584
601
689
655
675
684
734
704
637
619
662
649
599
633
616
644
572
652
675
647
701
660
640
657
616
673
766
696
699
669
640
675
676
535
755
759
635
659
702
561
657
650
559
699
606
685
581
689
676
751
663
681
693
691
593
732
697
655
633
719
705
725
663
641
554
692
651
704
737
574
688
742
627
765
717
650
644
713
655
620
671
640
662
611
772
633
624
699
620
746
684
511
584
667
652
695
647
552
615
666
588
628
621
603
755
563
653
632
556
555
677
697
653
668
791
650
643
680
631
692
660
645
684
665
631
643
687
720
574
700
641
721
615
604
603
689
674
677
737
665
654
608
601
651
678
666
543
660
638
746
649
707
695
683
710
620
656
605
725
694
673
692
682
711
663
663
644
689
640
692
621
702
679
605
649
709
636
709
621
676
658
638
707
645
533
656
732
621
647
691
616
665
642
652
679
589
755
749
665
672
662
653
787
719
582
622
655
699
743
653
575
708
755
691
698
775
667
608
654
618
590
661
629
620
739
690
715
633
649
670
617
656
700
603
811
516
633
655
577
634
669
714
692
663
618
695
727
683
736
728
653
646
685
713
594
618
660
674
733
664
677
717
600
614
598
731
618
665
717
631
641
655
722
645
655
715
693
719
675
624
643
744
618
586
654
693
659
570
614
703
631
701
725
633
739
628
666
723
658
593
643
606
729
625
629
734
679
617
633
658
667
608
623
603
683
676
727
674
693
577
698
697
688
650
689
656
707
580
655
636
704
637
641
644
685
643
714
776
733
707
628
644
709
675
634
688
646
639
704
602
657
648
647
686
639
660
689
636
582
793
615
610
710
636
750
741
709
590
546
638
662
630
712
639
648
581
720
614
674
685
551
632
668
633
641
686
686
663
655
613
702
700
636
659
696
687
667
675
643
728
651
720
631
612
664
673
637
701
693
696
702
700
627
628
704
635
640
659
624
659
612
523
742
596
691
586
639
686
660
639
669
666
674
718
687
728
606
724
710
686
603
680
707
722
670
666
642
654
696
647
693
797
695
641
622
601
767
671
680
685
728
589
576
639
701
736
614
642
683
695
617
786
656
701
644
644
695
679
574
647
738
644
626
586
691
759
648
685
610
680
559
786
669
622
715
791
583
685
658
640
553
686
612
748
721
693
679
725
686
678
718
590
659
684
656
676
658
632
648
693
708
682
633
774
690
700
606
719
612
684
802
608
606
630
671
602
658
676
627
611
634
691
605
692
594
669
691
656
719
698
576
663
606
740
699
564
704
604
757
659
687
642
608
660
730
657
732
681
721
735
668
645
707
640
670
641
599
792
602
613
728
695
673
616
609
755
642
707
617
640
672
626
611
580
668
655
649
663
611
666
742
688
608
635
660
667
652
550
683
658
621
613
558
689
651
667
680
678
660
626
666
667
700
693
682
606
687
662
623
612
727
707
705
568
753
565
585
695
678
688
703
631
639
619
701
592
607
615
701
715
643
707
659
681
620
647
694
636
641
685
670
585
583
643
657
678
578
681
661
644
664
623
765
633
683
714
704
638
608
704
740
671
728
631
639
703
712
691
647
649
529
707
633
609
753
704
698
640
600
589
682
753
615
670
614
632
617
690
668
629
682
708
665
707
638
589
716
713
677
656
642
617
704
621
683
649
601
611
609
673
593
648
630
722
607
624
634
677
701
624
598
602
655
649
727
634
740
639
701
719
688
685
672
659
653
722
639
644
711
607
729
680
668
718
670
692
658
701
591
609
714
687
723
599
740
678
674
700
555
634
655
638
621
668
758
668
658
617
533
674
651
643
674
682
682
666
622
670
658
577
714
650
677
654
704
737
674
600
729
610
672
755
595
640
737
544
587
540
610
722
663
684
692
634
615
664
711
565
613
560
620
638
569
662
661
679
802
632
595
609
597
657
606
655
607
642
636
603
704
663
660
639
786
735
653
711
635
684
601
713
644
699
667
707
691
686
745
619
631
679
661
627
608
636
660
546
689
692
628
667
651
622
588
661
660
642
649
712
630
639
608
715
575
687
674
611
622
660
587
750
623
663
664
679
690
492
685
704
622
752
630
694
617
586
693
702
653
615
676
635
705
591
654
618
681
641
592
625
662
706
736
709
578
620
703
697
676
721
639
657
671
634
592
666
700
687
570
637
624
614
664
678
684
659
652
717
719
674
766
735
648
743
632
649
652
657
560
681
704
580
708
597
655
656
708
724
658
677
714
668
802
686
607
683
700
643
683
780
704
565
630
664
693
630
614
649
679
659
711
677
635
788
660
700
567
637
559
721
650
771
675
552
678
599
701
676
663
755
756
667
567
680
598
681
631
619
605
577
713
662
699
687
645
659
743
684
683
633
731
537
663
636
650
610
614
679
603
652
566
690
684
578
705
654
641
612
761
626
657
683
600
717
676
651
551
617
609
686
701
625
733
731
608
624
636
691
678
695
692
649
658
640
644
656
683
655
573
719
602
639
669
644
646
687
657
716
684
634
672
620
721
692
640
817
573
646
732
672
624
648
634
624
636
643
684
624
682
549
646
723
652
559
675
625
691
617
672
616
627
596
690
676
628
658
619
648
727
627
729
660
664
714
610
762
622
661
642
633
672
658
625
671
629
605
695
713
616
719
643
687
638
754
622
674
657
723
678
666
580
640
773
665
645
648
629
580
676
706
675
689
620
608
594
652
586
685
679
711
631
586
680
788
592
631
696
588
634
701
569
668
626
607
641
598
567
709
606
666
701
684
670
608
605
728
549
686
644
723
670
613
623
633
699
696
661
667
635
706
634
669
640
675
591
658
642
580
599
711
643
751
646
689
586
561
631
615
583
741
666
659
590
569
630
650
555
701
786
671
640
702
667
697
722
735
699
757
680
626
701
630
664
695
716
662
615
605
671
697
636
676
679
678
744
666
598
714
676
716
602
648
655
713
646
692
592
706
708
704
661
727
659
754
667
596
764
639
579
638
567
641
625
713
678
719
596
735
781
643
620
663
684
666
649
777
671
593
663
612
579
662
607
620
704
703
720
615
661
692
680
696
708
634
636
548
634
635
624
667
679
728
613
742
641
690
702
657
638
672
714
618
603
638
668
634
647
606
733
642
645
643
673
608
612
631
682
683
693
674
702
722
712
601
625
623
686
641
703
691
652
628
608
685
740
629
621
629
615
693
700
646
749
623
645
688
650
668
664
629
713
662
642
576
770
578
666
651
593
719
719
704
639
637
680
627
591
696
604
674
673
629
736
655
638
635
614
696
641
610
634
562
632
666
713
665
583
636
742
531
689
685
607
640
676
649
693
712
666
627
601
632
623
632
614
627
519
577
679
615
640
600
686
553
721
688
598
709
513
723
621
613
589
736
775
715
639
705
638
699
656
744
741
659
631
694
677
687
717
692
626
737
680
725
576
653
790
597
736
692
668
566
620
664
604
689
579
729
759
626
645
735
648
662
699
698
644
593
625
650
695
648
650
767
661
571
597
719
746
616
652
743
650
632
765
747
551
743
685
668
636
676
733
655
681
752
634
683
681
704
711
616
688
676
588
743
696
599
621
627
662
601
617
694
683
689
636
588
700
651
673
719
557
677
571
683
670
685
642
708
656
656
663
588
617
663
703
641
703
661
675
627
659
639
697
629
626
689
623
652
619
645
614
741
783
691
675
576
648
628
689
665
623
637
660
742
659
579
716
687
655
655
646
685
646
660
751
622
685
709
570
705
687
684
682
714
670
687
638
621
728
649
682
664
595
627
638
666
707
668
638
695
753
626
646
700
684
688
702
623
582
615
730
640
675
641
587
676
658
646
621
621
715
763
586
615
729
600
656
641
686
627
660
690
588
739
613
673
696
686
625
639
615
613
622
616
676
622
528
697
609
691
672
647
736
612
734
620
613
602
644
653
692
697
677
616
560
649
597
684
631
733
599
641
585
654
568
666
597
647
693
686
590
622
676
693
569
667
616
634
625
677
598
607
734
612
668
593
577
559
692
682
700
677
693
684
643
687
657
707
732
623
583
703
637
588
643
669
632
632
609
648
687
737
682
673
662
653
605
669
580
591
607
696
707
639
709
547
674
680
593
650
680
631
658
613
697
634
652
639
642
730
571
629
707
596
684
656
660
624
713
678
672
678
618
714
749
728
628
622
644
699
675
660
735
674
703
792
646
581
726
651
679
603
689
639
726
639
575
635
649
744
718
693
657
691
699
660
615
630
687
637
664
615
687
743
699
596
586
655
576
632
697
723
712
635
628
664
754
737
644
652
691
636
577
735
821
615
710
667
699
664
669
554
651
617
730
609
616
680
583
770
607
702
650
657
674
774
698
744
696
750
658
644
660
667
695
582
680
680
678
519
691
587
651
687
687
703
723
656
684
696
582
723
673
630
706
668
646
595
623
684
680
645
743
609
646
633
653
695
606
667
695
636
634
672
681
668
637
639
589
684
694
586
634
702
688
624
664
565
612
632
702
708
695
650
681
654
664
716
595
706
568
586
626
667
662
570
680
699
681
606
577
655
647
722
636
635
694
725
619
636
665
596
654
600
621
587
658
672
697
610
612
552
741
710
752
670
562
674
667
684
594
676
682
568
622
707
678
715
728
709
712
627
603
613
721
591
686
653
730
526
734
667
710
628
654
702
738
679
614
691
741
666
662
673
722
791
599
619
678
747
594
681
581
760
635
769
719
745
654
618
586
687
649
636
681
674
651
531
729
706
750
673
635
582
725
595
675
546
639
688
730
743
634
655
573
651
636
706
622
711
626
646
631
636
700
651
684
751
793
700
645
774
648
633
683
719
621
738
698
645
764
637
558
691
640
635
673
653
596
690
662
717
713
737
680
689
646
544
662
736
646
719
716
654
700
613
771
598
624
625
565
655
673
728
633
651
694
614
642
617
754
706
624
618
602
648
647
697
734
673
738
624
699
603
579
688
569
641
633
676
673
681
676
615
584
796
667
719
665
754
672
567
641
761
707
649
596
667
612
651
733
626
649
548
632
637
671
690
677
658
639
633
755
771
655
617
720
668
627
711
693
686
671
714
629
655
691
667
613
764
647
685
607
557
667
700
657
693
734
654
644
620
733
679
659
568
720
684
731
671
643
687
638
671
564
675
648
639
583
724
659
582
697
645
635
730
637
610
639
645
687
639
559
617
657
642
825
667
573
648
744
643
600
712
637
676
666
669
659
644
703
680
664
653
631
659
700
729
665
630
670
608
643
704
662
763
678
696
746
634
666
653
617
660
689
706
651
586
671
663
682
736
672
637
624
740
650
643
687
624
556
639
620
682
653
697
729
697
792
708
628
679
647
661
708
660
690
695
600
615
652
651
662
684
640
598
588
573
676
598
605
628
679
640
680
676
677
647
638
684
646
574
672
675
576
658
621
643
609
668
629
647
629
642
639
663
631
543
674
618
608
648
668
555
693
664
702
648
652
634
721
635
679
677
607
619
589
682
625
722
784
673
612
681
624
699
739
662
639
661
570
580
624
712
644
656
727
650
764
564
656
603
720
711
707
556
706
610
622
722
671
653
644
681
650
639
629
577
596
638
646
623
636
711
728
670
718
646
640
651
683
633
628
707
688
723
645
735
734
648
648
647
647
713
765
635
650
706
701
668
637
708
701
706
699
712
687
697
581
687
671
689
569
658
636
633
700
639
590
644
649
705
629
716
633
686
653
664
706
673
642
658
660
613
709
662
689
630
642
713
610
667
650
699
747
651
663
593
683
610
770
709
641
635
651
567
618
656
700
650
688
649
729
733
615
679
591
676
615
706
606
676
635
680
722
632
678
586
623
588
653
665
588
683
714
694
726
599
676
690
689
660
576
695
613
713
624
665
641
707
746
672
674
555
646
666
701
642
780
609
709
659
663
601
670
724
648
712
679
614
637
606
675
577
674
599
620
598
671
669
614
630
699
615
635
671
661
593
714
646
694
615
714
736
588
662
654
666
617
764
711
702
695
627
686
618
630
645
629
659
663
648
770
640
697
691
658
619
642
730
632
718
579
704
614
633
702
716
726
644
693
680
599
655
703
652
669
642
586
741
687
612
684
711
625
641
734
593
658
686
751
624
590
698
780
659
667
657
608
723
686
569
682
630
659
652
599
600
625
700
658
725
743
667
634
659
667
662
721
726
624
695
673
749
599
602
632
744
692
671
670
669
624
681
767
712
707
569
585
632
650
700
650
625
802
623
633
644
591
645
640
539
687
743
668
668
659
668
698
635
670
727
698
584
640
663
642
727
622
611
677
691
691
579
751
603
569
689
687
572
623
650
662
673
707
798
639
602
679
698
632
586
694
671
614
611
627
729
560
741
653
622
717
586
622
684
607
603
755
598
680
581
727
619
614
664
728
569
688
597
700
655
644
678
592
609
676
643
765
679
612
674
668
646
639
716
654
653
702
660
587
699
650
638
725
618
680
706
695
631
757
734
667
756
656
740
624
710
610
705
570
658
621
672
677
690
706
634
592
692
652
640
686
650
663
769
737
636
692
592
715
593
683
643
673
620
702
633
694
650
500
578
697
635
564
667
628
641
705
663
675
573
619
641
697
613
593
658
711
591
596
607
675
700
636
711
634
620
691
637
774
729
627
705
684
734
716
677
648
665
619
740
648
708
638
609
660
666
694
610
644
680
668
660
647
760
684
751
742
577
660
643
653
706
644
552
691
616
611
667
663
650
699
591
627
694
660
680
653
667
668
714
627
713
695
600
700
617
641
644
789
643
646
701
741
549
686
738
638
670
632
585
640
620
684
610
689
624
705
633
622
678
650
660
686
606
676
706
571
622
646
628
657
636
608
696
644
663
751
552
599
695
653
735
723
731
619
642
647
632
626
635
657
648
731
763
684
628
649
483
639
728
617
631
689
637
618
654
558
703
654
637
623
668
679
657
740
695
721
719
702
677
683
621
644
660
688
673
685
696
743
640
629
716
685
665
669
602
632
715
643
602
623
739
703
735
648
692
625
597
726
630
667
693
707
694
568
639
721
580
631
725
769
704
607
660
693
619
683
662
661
673
620
597
661
763
676
627
759
653
579
649
687
677
721
602
659
646
735
657
625
647
601
545
635
623
634
635
695
722
638
672
638
736
671
681
629
596
655
617
729
614
649
687
652
667
596
632
671
691
671
669
690
630
648
746
645
641
706
592
666
661
696
660
610
702
629
683
692
528
681
658
660
684
627
702
636
653
591
691
694
633
621
716
662
656
603
709
740
630
681
670
661
684
587
692
663
693
685
597
618
636
743
781
798
675
573
640
618
609
661
722
565
748
706
733
663
622
683
753
650
717
665
622
635
655
629
616
700
618
624
681
695
799
648
670
683
735
589
571
628
695
744
783
653
623
705
577
708
603
674
640
630
615
648
650
664
680
507
733
696
643
705
691
598
596
648
645
564
659
691
690
729
631
637
678
659
690
650
602
669
735
582
595
692
654
650
649
638
638
661
699
619
761
646
613
691
630
627
745
654
559
672
646
734
636
668
696
616
631
677
595
622
655
674
561
569
633
646
597
714
684
725
715
573
663
733
619
632
733
543
719
635
648
609
667
710
661
732
548
664
560
738
709
711
607
671
667
615
664
634
648
598
660
618
618
753
814
703
686
651
617
652
740
617
576
664
656
649
596
612
642
671
659
739
667
717
656
679
629
637
709
672
620
666
641
601
637
731
713
639
688
645
693
720
560
689
599
558
685
543
714
690
694
649
733
669
658
625
683
786
718
743
685
689
679
700
654
616
675
708
635
746
608
636
571
688
711
635
669
665
734
594
628
636
572
550
682
657
625
753
718
563
671
682
719
659
636
593
593
612
742
744
608
716
631
604
654
650
617
625
675
678
668
678
679
670
600
593
640
735
618
760
651
597
634
683
574
641
654
629
625
729
681
676
722
592
670
723
606
716
735
736
675
639
650
668
674
573
800
548
611
673
605
673
691
627
692
561
752
686
682
695
623
582
592
665
708
587
705
656
765
645
594
637
711
628
771
643
734
604
659
648
600
592
717
710
720
710
657
680
655
696
635
572
657
724
693
669
554
688
650
609
644
581
511
657
629
558
625
681
641
533
628
597
681
727
695
811
668
586
615
735
694
584
700
649
649
587
595
534
684
579
719
695
717
622
582
581
622
670
654
613
552
652
609
654
677
614
660
656
658
639
663
641
644
653
684
611
682
694
531
605
693
647
617
701
639
660
650
683
692
688
706
708
577
673
691
717
729
748
656
674
756
623
631
659
579
763
642
723
658
688
709
548
614
685
680
629
728
694
691
587
674
655
717
686
655
647
614
661
615
785
629
635
663
669
640
611
701
690
694
775
664
591
681
745
729
705
632
691
631
700
613
641
632
727
539
643
671
614
723
701
622
661
676
639
678
684
612
678
743
691
765
662
742
769
549
598
685
670
638
692
728
741
716
688
632
659
691
640
694
686
624
612
683
600
651
691
677
604
695
602
705
762
615
708
681
626
668
653
618
553
593
670
626
667
653
590
638
726
627
755
706
590
687
623
551
683
630
704
633
623
735
633
633
679
705
645
690
663
614
680
715
785
642
603
580
710
738
703
693
658
743
672
584
748
652
626
632
690
676
726
664
669
628
643
690
760
627
710
675
654
654
623
648
588
754
629
590
622
714
665
627
596
622
720
609
645
626
636
668
718
582
664
605
650
584
609
569
672
569
639
638
645
698
609
580
587
759
635
539
632
702
566
751
628
639
605
624
701
660
667
637
662
633
633
631
717
706
752
628
656
666
670
807
768
674
667
680
633
621
721
583
701
662
694
755
674
649
657
682
652
625
626
700
595
678
669
613
651
600
652
681
659
653
635
676
658
547
616
687
709
693
611
640
674
664
569
709
658
626
738
600
692
597
687
736
683
672
686
626
723
603
659
617
712
587
686
600
546
633
665
701
722
651
690
669
697
657
699
749
680
630
619
670
669
734
581
610
646
534
640
687
645
637
557
662
696
637
697
646
578
610
665
613
679
683
687
748
663
596
622
613
711
686
648
673
632
661
626
581
642
604
725
694
738
674
565
672
642
610
640
622
734
724
675
657
646
679
639
636
596
637
592
657
657
590
683
671
659
717
638
679
654
738
664
599
638
740
720
699
627
669
584
706
715
712
718
657
620
614
597
606
701
588
731
635
590
693
575
626
630
649
680
742
632
654
603
751
706
671
655
751
700
723
613
557
652
639
643
660
681
749
694
683
610
734
612
785
642
642
570
666
758
707
718
706
679
652
674
613
649
691
683
806
666
658
706
694
585
624
658
659
685
704
689
703
672
604
621
761
659
555
646
689
645
675
596
622
735
698
654
642
649
589
698
669
595
711
650
768
680
609
643
680
631
628
577
649
623
654
675
591
679
728
632
647
655
650
588
701
722
657
603
671
680
635
678
655
532
685
561
678
559
719
725
671
590
725
608
594
763
627
682
540
609
741
651
712
647
565
689
602
653
669
747
596
597
665
619
656
655
671
645
639
664
630
611
611
694
615
659
635
707
674
603
612
682
622
625
767
621
602
711
690
687
658
690
708
627
632
654
624
622
620
753
664
704
652
618
698
707
705
675
572
682
649
583
593
825
745
645
778
754
656
651
665
675
721
693
727
637
627
713
633
636
629
669
697
627
605
694
633
620
681
627
563
691
605
702
683
735
567
698
646
639
706
541
628
693
703
696
607
672
592
678
585
825
619
717
683
716
720
675
620
672
720
748
664
700
641
651
700
620
663
614
758
655
750
588
637
590
563
727
657
508
691
608
646
735
766
616
720
684
649
723
634
727
611
602
727
613
753
592
610
770
648
660
613
610
692
684
718
562
709
714
581
787
648
632
718
674
606
657
641
740
651
653
576
696
637
755
717
646
638
726
632
660
636
682
614
655
623
665
655
612
669
618
645
641
722
657
632
625
660
729
660
628
612
724
603
710
674
614
630
706
650
685
693
679
668
652
676
713
624
664
652
578
682
697
659
650
622
755
673
695
735
721
641
717
668
645
607
625
526
646
727
677
665
744
597
694
680
664
609
647
709
688
603
696
685
579
623
666
686
704
613
648
719
656
667
665
838
727
635
682
664
634
687
627
662
594
638
636
675
686
616
618
611
664
635
658
631
614
606
715
615
621
742
764
726
653
611
633
568
680
604
710
673
727
647
627
753
733
735
612
698
658
643
555
645
582
612
784
625
619
669
717
710
696
703
658
549
644
716
662
541
643
705
698
857
580
620
575
654
766
647
758
762
729
627
650
655
691
773
659
703
601
612
726
669
523
744
649
629
664
698
617
635
715
662
617
621
653
778
673
635
713
622
607
693
629
709
670
615
655
712
654
680
683
638
640
724
596
618
597
660
619
829
633
629
598
717
710
628
614
671
633
582
679
683
699
665
650
748
627
587
723
653
685
704
715
730
714
679
580
694
639
668
617
604
703
738
617
712
680
699
714
654
585
674
653
726
689
753
648
624
682
661
572
734
602
625
660
703
607
671
679
641
753
655
743
705
688
559
647
583
660
688
679
630
659
655
667
679
596
637
585
659
634
662
571
657
658
632
691
673
694
633
645
779
616
674
595
695
643
651
615
721
691
702
686
675
689
684
616
635
720
