0
5053
4233
4633
4726
4629
4395
5048
4433
4478
4791
4482
4179
4353
4433
4803
4586
4799
4891
4702
4563
5027
4368
4583
4903
4423
4764
4451
4582
4683
4931
4791
4701
4748
4890
4637
4638
4306
4796
4893
4735
4706
5000
4547
4840
4981
4526
4680
4792
4752
4718
4717
4766
4817
4610
4690
4681
4526
4229
4844
4690
4287
4901
4466
4588
4935
4654
4878
4582
4237
4966
4573
4503
4633
4905
4711
4355
4520
5031
4925
4409
4973
4452
4380
4703
4715
4778
4871
5152
4658
4566
4602
4768
4476
4706
4501
4623
4457
4631
4562
4543
4559
4799
4879
4713
4800
4404
4371
4647
4616
4683
4784
4448
4824
4553
4684
4619
4890
4672
4487
5028
4636
4700
4903
4579
4307
4742
4767
4635
4798
4706
4799
4798
4648
4325
4699
5056
4930
4779
4583
4929
4956
4916
4751
4962
4660
4091
4402
4809
4663
4621
4667
5025
4354
4766
4564
4758
4348
4470
4618
4523
4611
4235
4888
4652
4868
4738
4975
5056
4611
4931
4876
4954
4982
4824
4833
4580
4713
4752
4494
4215
4526
4650
4605
4259
4638
4871
4711
4831
4984
4780
4603
5008
4520
4451
4306
4513
5087
4857
4470
4725
5034
4876
4718
4878
4620
5074
4945
5116
4792
4599
4754
4363
4575
4422
4373
4453
4206
4795
4467
4804
4653
4536
4661
4746
4532
4612
4858
4603
4674
4620
4272
4516
4465
4685
4677
4711
4793
4896
4737
4596
4702
5181
4325
4863
4659
4584
4686
4944
4293
4655
4942
4964
4983
4462
4609
4329
4603
4584
4288
5040
4346
4714
4422
4512
4821
4543
4629
4679
4928
4739
4834
4609
4432
4820
4797
4534
4846
4510
4606
4766
4651
4914
4891
4354
4476
4753
4398
4953
4902
4711
4413
4451
4339
4744
4832
4902
4794
4525
4693
4799
4630
4595
4815
4626
4594
4892
4698
4942
4338
4785
4559
4766
4689
4924
4695
4648
4490
4594
4679
4785
4507
4660
5038
4802
4852
4703
4904
4677
4849
4675
4878
4337
4887
4737
4684
4918
4744
4696
5276
4449
4809
4637
4721
4405
4834
4433
4682
4727
4353
4504
4520
4734
4759
4457
4714
4621
4710
4675
4337
4606
4831
4637
4603
4600
4726
4736
4393
4722
4810
4401
4588
4870
4075
4309
4623
4844
4836
4722
4940
4565
4569
4862
4397
4862
4606
4371
4471
4590
4788
4809
4822
4475
4870
4478
4945
4679
4937
5122
4774
4929
4747
4475
4859
4717
4689
4852
4877
4739
4589
4299
4460
4567
4686
4427
4706
4419
4493
4383
4598
4694
4384
4363
4740
4682
4207
4872
4567
4353
4645
4494
4728
4842
4668
4717
4793
4740
4836
5079
4875
4580
4586
4677
4565
4564
4568
4818
4744
4876
4800
4498
4086
5019
4523
4698
4611
4785
4596
4424
4804
4525
5038
4725
4641
4689
4614
4858
4893
4900
4482
4376
4359
5182
4951
4548
4665
4464
4854
4480
4610
4575
4704
4394
4387
4253
4529
4517
4624
4229
5194
4862
4465
4330
4761
4799
4602
4396
4565
4528
4544
4906
4714
4323
4850
5032
4267
4834
4821
4357
4537
4591
4797
4699
4581
4406
4311
4693
4718
4826
4796
4644
4776
4810
4758
4884
4523
4127
4730
4231
4448
4884
4645
5014
4765
4987
4905
4610
4519
4477
4484
4791
4500
4438
4703
4468
4445
4805
4552
4671
4466
4516
4728
4687
4758
4259
4655
4588
4624
4558
4288
4384
4640
4927
4395
5016
4936
4405
4866
4784
4803
4611
4851
4738
4669
4928
4824
4565
4502
4702
4550
4720
4534
4912
4940
4373
4672
4544
4577
4747
4640
4571
4400
5007
4855
4874
4493
4916
4958
4746
4548
4850
4898
4655
4752
5045
4841
4703
4435
4484
4937
4416
4920
4831
5164
4732
4781
4896
4868
4807
4664
4463
4671
4758
4897
4256
4697
4403
4636
4524
4521
4573
4625
5038
4447
4877
4335
4428
4565
4769
4487
4733
4632
4640
4622
4256
4495
4278
4773
4738
4447
4356
4601
5231
4744
4541
4547
5036
4380
4842
4775
4702
4767
4793
4464
4550
4830
4669
4719
4551
4587
4810
4936
4513
4931
4680
4578
4626
4740
4613
4687
5030
4694
4576
4551
4300
4804
4773
4489
4608
4949
4235
4552
4641
4586
4623
4542
4786
4411
4850
4801
4602
4989
4790
4392
4600
4876
4527
4630
4400
4729
4569
4362
4431
4633
4518
4615
4759
4596
4664
4593
4428
4606
4566
4734
4844
4335
4474
4820
4551
4730
4889
4467
4645
4685
4607
4677
4808
4664
4573
4542
4795
4881
4518
4635
4297
4836
4563
4449
5053
4766
4614
4567
4398
4281
4631
4599
4649
4488
4364
4707
4699
4609
4699
4623
4787
4750
4767
4574
4845
4958
4590
4789
4599
4711
4499
4904
4863
4632
5134
4616
4867
4899
4604
4981
4772
4405
4907
4761
4976
4790
4445
4932
4922
4339
4353
4818
4934
4648
4722
4790
4370
4905
4463
4510
4480
4593
4633
4404
4380
4942
4694
4832
4742
4563
4596
5000
4388
4686
4640
4981
4701
4866
4972
4646
4538
4400
4740
4884
5051
4354
4422
4842
4400
4747
4565
4660
4579
4838
4887
4494
5142
4631
4418
4727
4547
4426
4407
4408
4868
4704
4788
4777
4595
4729
4742
4358
4819
4795
4623
4596
4511
4744
4643
4732
4640
5187
4580
4731
5130
4715
4589
4590
4487
4632
4550
4823
4451
4672
4576
4387
4613
4789
4770
4746
4707
4755
4719
4802
4688
4694
4535
4921
4431
4666
4309
5114
4724
4764
4823
4459
4842
4715
4860
4736
5017
4852
4487
4818
4506
4706
4846
4488
4960
4371
4875
4412
4501
4238
4930
4752
4744
4910
4509
5153
4714
4663
4323
5203
4252
4792
4770
4784
4952
4721
4221
4584
4755
4690
4401
5160
4453
4896
4647
4731
4807
4892
4585
4875
4715
4470
4878
4488
4393
4599
4540
4555
4652
4488
4630
5133
4720
4769
4725
4654
4260
5069
4396
4707
4790
4400
4920
4463
4882
4835
4812
4587
4403
4660
4448
4601
4567
4885
4801
4565
4885
4496
4357
4476
4742
4675
4493
4857
4444
4947
4761
4557
4266
4435
4647
4527
4765
4736
4390
4432
4846
4676
4774
4548
4733
4849
4509
5054
4638
4571
4691
4510
4926
4497
4365
4835
4468
4816
4645
4803
4857
4565
4942
4474
4831
4451
4704
4644
4566
4728
4964
4347
4799
4689
4388
4387
5101
4395
4784
4792
4506
4602
4609
4508
5044
4708
4525
4483
4733
4433
4940
4493
4972
4668
4404
5006
4688
4686
4916
4878
4538
4806
4481
4640
4562
4529
4824
4869
4177
4410
4307
4933
4795
4848
4478
4539
4661
4582
4740
4589
4601
4522
4868
4418
4688
5023
5061
4998
5011
4807
4775
4927
4318
4926
4646
4799
4294
4668
4746
4523
4945
4718
4843
4590
4510
4723
5005
4741
4926
4960
4387
4885
4632
4548
4751
4545
4494
4831
4959
4490
4273
4737
4566
4720
5113
4607
4653
4657
4731
4467
4734
4807
4389
4962
4514
4737
4614
4530
4509
4646
4634
5072
4682
4371
4789
4553
4659
4762
4913
4084
4242
4434
4917
4995
4571
4824
4703
4909
4476
4667
5025
4537
4746
4888
4562
4860
4632
4461
4733
4771
4788
4595
4753
4909
4584
4853
4722
4376
4744
4274
4748
4462
4552
4596
4798
4625
4989
4500
4498
5034
4830
4681
4827
4722
4391
4682
4793
4751
4667
4776
5027
4561
4954
4387
4807
4487
4621
4768
4927
4800
4239
4784
4804
4894
4940
4368
4644
4601
5057
4351
4997
4520
4851
4700
4568
4732
4666
4487
5065
5056
4776
4635
4416
4940
4710
4617
4705
4521
4262
4478
4618
4566
4568
4676
5122
4818
4380
4824
4552
4840
4367
5095
4756
4716
5003
4996
4611
4579
5091
4790
4932
4935
4795
4341
4810
4453
4352
4701
4645
4428
4643
5078
4541
4770
4288
4989
4663
4387
4518
4743
4612
4897
4701
4949
4729
4708
4682
4918
4244
4449
4523
4527
4715
4535
4664
4342
4615
4684
4885
4748
4311
4618
4501
4572
4712
4593
5214
4380
4829
4354
4838
4607
4968
4646
4692
4440
4897
4654
4678
4615
4645
4594
4513
4541
5047
4646
4630
4547
4585
4601
4986
4365
4752
4555
4745
4714
4433
4503
4517
4429
4677
4434
4725
4547
4676
4653
4401
4527
4793
4542
4863
4678
4403
4407
4850
4361
4733
4470
4313
4837
4497
4697
5039
4828
4951
4610
4301
4315
4445
4452
4447
4781
4575
4664
4357
5141
4704
4486
4902
4728
4846
4640
4597
4384
5195
4640
4656
4710
4766
4766
4855
4340
4496
4394
4853
4542
4762
4852
5049
4691
4740
4317
4563
4762
4832
4971
4891
4432
4620
4576
4519
4690
4390
4384
4859
4626
4664
4328
4737
4539
4590
4910
4671
4504
4692
4940
4606
4709
4592
4602
4365
4709
4958
5038
4513
4907
4681
4564
4780
4648
4681
4926
4571
4748
4585
4995
4795
4744
4814
4683
4587
4326
4583
4752
4645
4767
4866
4838
4349
4621
4470
4559
4879
4813
4796
4761
4406
4353
4103
4528
4902
4530
4314
4422
4861
4380
4892
5100
4913
4647
4753
4719
4425
4765
4618
4746
4461
4759
4696
4609
5114
4740
4602
4661
4475
5087
4631
4553
4481
4715
4797
4342
5081
4586
4557
4609
4504
4690
4867
4649
4569
4812
4696
4668
4714
4963
5168
4735
4687
4793
4706
4959
4582
4385
4544
4521
4907
4680
4497
4344
5227
4780
4482
4613
4877
5088
4990
4511
4766
4958
4649
4692
4664
4700
4841
4484
4538
4831
4646
4837
4335
5066
5043
4374
4370
4772
4829
4399
4866
4403
4544
4750
5020
4679
4753
4780
4877
4594
4809
4345
4887
4887
4706
4745
4652
4623
4898
4991
4525
5041
4471
4649
5126
4957
4692
4777
4563
4940
4721
4904
4706
4878
4463
5060
4712
5125
4607
4477
4663
4277
4954
4972
4977
4828
4444
4521
4442
4738
4583
4541
4747
4384
4582
5071
4720
4525
4839
4411
4836
4582
4376
4838
4438
4732
4551
4676
5041
4461
4947
4569
4738
5001
4779
4686
4899
4535
4637
4683
4815
5184
4740
4835
4826
4755
4868
4897
4625
4350
4788
4775
4679
4727
4431
5101
4748
4595
4619
4742
4853
4511
4718
4585
4964
4553
4586
4801
4789
4684
4829
4788
4628
4137
4992
4674
5030
4418
4771
4591
5067
4569
4702
4539
4700
4718
4848
4494
5209
5149
4380
4768
4696
4715
4886
4411
4422
4370
4605
4639
4825
4630
5153
4603
4403
4695
4102
4898
4422
4685
4771
4725
4769
4308
4802
4628
4471
4941
5119
4408
4474
4526
5034
4546
4903
4826
4659
4469
4583
4698
4991
4813
4767
4794
4902
4603
4879
4743
4954
4791
4251
4606
4442
4639
4554
4658
4585
4864
4759
4642
5004
4806
4747
4811
4863
4311
4806
4633
4611
4694
4841
4800
4918
4867
4747
4540
4757
4812
4771
4763
5144
4820
4641
4644
4391
4431
4384
5036
4540
4627
4524
4635
4887
4743
4607
4656
4753
4595
4280
4461
4586
4691
4686
4648
4854
4773
4494
4839
4522
4165
4505
4642
4698
4449
4683
4671
4960
4378
4701
4737
4641
4900
4572
4638
4780
4857
4904
4619
4673
4720
4638
4728
4647
5107
4863
4722
4613
4860
4643
4756
4880
4662
4674
4766
4504
4412
4411
4834
4670
4526
4579
4721
4648
4545
4237
4650
4433
4826
4441
4810
4779
4689
4766
4387
4358
4740
4633
4662
4434
4545
4370
4770
4824
4658
4597
4853
4739
4434
4531
4476
4742
4523
4618
4500
4606
4734
4843
4516
4589
4810
4476
4499
4631
4897
4884
4698
4792
4236
4942
4734
4626
5101
4799
4930
4674
4513
4571
4698
4751
4717
4370
4957
4750
4651
4415
5067
4497
4640
4302
4424
4717
4307
4615
4963
4408
4851
4655
4481
4889
4842
4510
4690
4599
4473
4860
4971
4609
4593
4807
4742
5070
4417
4412
4731
4606
4610
4979
4927
4638
4950
4296
4535
4594
4813
4871
4864
4859
4532
4532
5004
4732
4499
4608
4758
4533
4848
4356
4713
4625
4701
4142
4786
4623
4756
4878
4693
4820
4873
4635
4866
4781
4544
4340
4534
4656
4642
5061
4558
4795
4857
4497
4924
4693
4273
5060
4618
4667
4468
4689
4583
4842
4650
4366
4279
4565
4463
4729
4908
4563
4785
4433
4481
4867
4532
4808
4845
4883
4640
4537
4255
4693
4298
4574
4578
4614
4618
4620
4870
4581
4833
4543
4607
4750
4798
4745
4703
4855
4974
4736
4935
4426
4572
4679
4955
4701
4944
4750
4928
4398
4449
4517
4481
4758
4522
4538
4232
4231
4315
4872
4592
4560
5100
4418
4305
4762
4682
4836
4529
4651
4718
4742
4432
4725
4465
4598
4689
4644
4449
4997
4756
4911
4785
4749
4392
4833
4633
4650
4633
4968
5033
4820
4524
5028
5028
4776
4286
4884
4764
4932
4698
4609
4386
4547
4655
4354
4769
4922
4588
4605
4828
5100
4472
4760
4836
4645
4767
4491
4512
5239
4654
4723
4725
4846
4253
4864
4440
4282
4919
4607
4277
4565
4708
4507
4635
4575
4941
4444
4681
4768
4458
4187
4826
4782
4601
4615
4610
4482
4638
4475
4933
4476
4919
4465
4810
4627
4919
4603
4751
4602
4596
4474
4766
4896
4464
4845
4462
4770
4511
4761
4559
4545
4628
4426
4570
4784
4550
4554
4429
4503
4325
4567
4773
4496
4444
4599
4276
4575
4917
4508
4793
4794
4302
4785
4240
4538
4571
4772
4752
4650
4532
4580
4220
4521
4876
4576
4875
4677
4437
4718
5032
4712
4982
4622
4764
4891
4408
4930
4501
4585
4799
4989
4714
4513
4825
4579
4614
4379
4936
4417
4650
4715
4934
4656
4672
5152
4672
5064
4850
4516
4470
4770
4753
4689
4928
4580
4665
5077
4934
4485
4739
4623
4808
4477
4504
4570
4346
4635
4573
4652
4595
4721
4571
4181
4592
4863
4626
4758
4850
4948
5023
4901
4420
4495
4577
4514
4517
5019
4779
4934
4735
4469
4876
4387
4385
4384
4541
4549
4794
4778
4227
4802
4822
4728
4439
4530
4692
4681
4477
4443
4880
5129
4506
4865
4408
4631
4684
4795
4282
4661
4528
4966
4796
4939
4522
4991
4965
4610
4520
4777
4521
4859
4532
4695
4861
4721
4878
4566
4584
4874
5050
4604
4669
4671
4562
4472
4804
4700
4833
4452
5155
4572
4582
4617
4623
4515
4444
4505
4530
4479
4693
4588
4876
4527
4789
4387
4688
4842
5021
4424
4602
4884
4909
4770
4886
4644
4600
4667
4885
4666
4580
4479
4763
4604
4633
4798
4748
4734
4216
4863
4499
4609
4650
4700
4884
4804
4473
4452
4739
4588
4922
4564
4967
4777
4625
4166
4674
4606
4899
4355
4526
4683
4661
4508
4848
4941
4658
4638
4720
4820
4511
4721
4849
4583
5031
4568
4958
4374
4877
4349
4678
4861
4648
4619
4615
4511
4542
4604
4712
4200
4444
4436
4791
4785
4599
4542
4440
4455
4750
4857
4672
4831
4646
4520
4650
4587
5003
4472
4984
4895
4508
4513
4506
4591
4818
4414
4994
4579
4943
4758
4924
4636
4657
4294
4774
4738
4646
4526
4330
4841
4677
4582
4641
4844
4653
4791
4679
4284
4633
4691
4753
4566
4882
4849
4463
4801
4469
4752
4561
4659
4725
4536
4443
4760
4876
4582
4647
4458
4358
4838
4670
4691
4613
4696
4516
5538
4407
4612
4937
4715
5051
4894
4976
4425
4387
4945
4758
4538
4635
4614
4304
4699
4659
4510
4730
4799
4646
4194
4457
4791
4444
4687
4592
4765
4753
4975
4540
4467
4407
5084
4685
4584
4704
4746
4881
4663
4354
4894
4835
4978
4398
4708
4749
4539
4540
4696
4214
4708
4679
4384
4815
4748
4479
4439
4739
4675
4504
4681
4722
4957
4893
4443
4628
4659
4459
4566
4463
4916
4658
4436
4571
4078
4540
5104
4508
4701
4529
4539
4584
4648
4347
4584
4863
4335
4331
4777
4574
4689
4642
4671
4367
4414
4829
4626
4587
5081
5075
4798
4763
4958
4870
4543
4406
4439
4663
4840
5035
4653
5183
4651
4925
4726
4782
4428
5228
4645
4467
4524
4714
4786
5143
4603
4446
4718
4737
4552
4884
4508
4728
4968
4732
4434
4734
4544
4517
4336
5145
4551
4721
4781
4706
5226
4667
4470
4482
4486
4564
4295
4194
4590
4492
4822
4644
4740
4451
4410
4747
4906
4337
4750
5137
4839
4648
4801
4425
4534
5025
4630
4856
4653
4831
4615
4726
4966
4419
4832
5103
4946
4178
4772
4683
4312
4606
4551
4591
4711
4409
4616
4682
5214
4731
4499
4395
4728
4430
4607
4550
4925
4217
4061
4665
4677
4368
4747
4734
4326
4119
4720
4659
4471
4792
4429
4630
4794
4796
4759
4848
4228
4146
4129
4827
5062
4949
4528
4727
4556
4848
4596
4606
4663
4565
4878
4495
4579
4987
4577
4598
4880
4894
4690
4534
4599
4651
5102
4317
4372
4718
4594
4855
4793
4736
4494
4469
4863
4697
4635
4771
4831
4612
4542
4821
5049
5138
4022
4591
4617
4430
4781
4698
4486
4600
4800
4818
4812
4805
4375
4532
4845
4772
4572
4806
4684
5035
4707
4595
4799
4945
4460
4672
4673
4517
4709
4786
4694
4855
4453
4563
4616
5074
4711
4444
4726
4723
4882
4700
4754
4584
4683
4548
4430
4818
4442
4666
4782
4888
5056
4881
4403
4872
4662
4890
4762
4743
4685
4206
4666
4954
4707
4548
4402
4490
4954
4864
4760
5049
4295
4755
4296
4831
4730
4774
4983
4832
4858
4825
4242
4424
4785
4526
4675
4400
4842
4582
4505
4623
4908
4332
4614
4569
4487
4668
4601
4370
4607
4619
4516
4623
4731
4891
4771
4488
4795
5032
4697
4683
4684
4651
4628
4950
4774
4523
5127
4453
4639
4218
4798
4653
5036
4722
4699
4293
4917
5022
4672
4274
4690
4590
4621
4979
4755
4713
4563
4576
4530
4907
4902
4658
4600
4618
4810
4702
4618
4697
4531
4573
4835
4603
4939
4424
4578
4595
4925
4400
4603
4838
4660
4851
4567
4493
4555
4800
4815
4602
4700
4883
4867
4567
5017
4555
4563
4385
4663
5029
4699
4684
4369
4895
4809
4833
4638
4911
4623
4555
4928
5299
4381
4634
4564
4458
4669
5004
4766
4649
5184
4656
4968
4598
4725
4919
5105
4538
4918
4634
4695
4591
4617
4423
4853
4661
4392
4544
4807
4577
4696
4859
4530
4865
4616
4976
4617
4777
4255
4442
4494
4803
4789
4687
4819
4579
4856
4814
4660
4905
4758
4635
4332
4813
4324
4484
4684
4615
4373
4598
4466
4646
4632
4864
5042
4828
4498
4700
4463
4386
4584
4894
4883
5005
4774
4877
4575
5027
4617
4346
4816
4653
4731
4718
4416
4645
4548
4586
4555
4674
4928
4900
4589
5014
4833
4814
4565
4945
4676
4502
4640
4765
4984
4355
4853
4542
4699
4785
4434
4569
4388
4822
4516
4640
4499
4342
4300
4672
4863
4358
4833
5035
4662
4447
4620
4746
4735
4858
5154
4905
4786
4684
4852
5001
4639
4095
4299
4439
4885
4848
4575
4455
4296
4671
5078
4997
4628
4646
4664
4656
4447
4876
4624
4570
4664
4663
4939
4512
4628
4458
4975
4587
4919
4996
4543
4672
4577
4806
4542
4859
4732
5003
4654
4812
4741
4605
4714
4504
4418
4683
4464
4616
4612
4685
4780
4235
4795
4897
4630
4481
4678
4881
4695
4347
4581
4775
4510
4733
4554
4874
4851
4597
4617
5232
4440
4710
4894
4570
4879
4672
4497
4650
4124
4646
4735
4466
4667
4543
4613
4718
4811
4975
4863
4657
4556
4668
4803
4731
4131
4803
4599
4886
4655
4716
4540
4797
4706
4839
4662
4624
4286
4416
4741
4754
4540
4632
4925
4787
4601
4728
4656
4774
4788
4908
4758
4620
4361
4896
4828
4714
4885
4594
4686
5002
4803
5032
4820
4244
4876
4603
4876
4657
4452
4727
5064
4488
4704
4791
4796
4734
4561
4624
4513
4477
4936
4664
4496
4632
5008
4414
4793
5020
4602
4524
4587
4877
5442
5112
4723
4400
4487
4325
4688
4461
5116
4879
4792
4494
4696
4498
4113
4370
4625
4648
4648
4767
4698
4820
4976
4799
4851
4889
4873
4880
4845
4284
4737
4313
4481
5000
4661
4836
4560
4438
4676
4561
4513
4728
5055
4777
4586
4387
5082
5030
4435
4423
4369
4608
4541
4658
4722
4678
4369
4705
4319
4712
4581
4630
4641
4407
4965
4592
4863
5149
4552
5169
4653
4465
4679
4393
4469
4854
4934
4746
4580
4546
4738
4655
5023
4549
4734
4499
4474
4516
4668
4874
4550
4602
4593
4772
4053
4619
4576
4549
5034
4614
4718
4981
4841
4667
4173
4745
4525
4570
4894
4813
4474
4780
4797
4903
4436
4412
4734
4641
4753
5104
4620
4521
4401
4368
4651
4686
4703
4604
4437
4654
4786
4634
4988
5027
4704
4821
4532
5019
4513
4685
4678
4832
4759
4834
4820
4747
4749
4983
4644
4781
4611
4668
4748
4547
5010
4197
4640
4937
4302
4871
4745
5263
4789
4583
4637
5038
4985
4911
4767
4807
4930
4655
4723
4397
4506
4679
4193
4877
4331
4539
4681
4708
4631
4589
4986
4831
4239
4132
4728
5058
4990
4594
4778
4886
4568
4913
4464
4602
4731
4309
4778
4631
4639
4673
4686
4768
4855
4517
4715
4378
4626
4638
4572
4690
4734
5253
4520
4829
4941
4483
4729
4645
4781
5009
4573
4969
4586
4641
4968
4493
4663
4636
4617
4818
4703
4798
4761
4376
4846
4737
4655
4656
4833
4774
4356
4747
5076
5043
4587
4313
4483
4586
4891
4769
4690
4652
4610
4719
4845
4637
4348
4825
4969
4501
4814
4705
4809
4592
4381
4665
4476
4563
4855
4473
4558
4395
4694
4342
4558
4894
4646
4843
4515
4807
4586
4647
5144
4635
4667
5006
4732
4534
4669
4760
4333
4498
4473
4467
4628
4343
4244
4526
4953
4850
4977
4595
4629
4847
4890
5057
4854
4702
4624
4639
4325
4616
4168
4541
4920
4632
4958
4811
4465
4388
4523
4536
4419
4721
4035
4445
4834
4735
4764
4536
4836
4907
5084
4671
4999
4527
4726
4603
4898
4831
4659
4256
4625
4695
4902
4336
4665
4989
4563
4775
4573
4895
4437
4738
4733
4613
4745
4844
4279
4875
4639
4563
4258
5071
4540
4781
4275
4741
4534
4280
4407
4801
4877
4580
4486
4728
4615
4714
4684
4525
4791
4423
4270
4697
4654
4669
4177
4867
4887
4375
4723
4736
4403
4726
4878
4754
4468
4846
4695
4823
4594
4623
4780
4416
4505
4785
4294
4761
4803
4801
4725
4464
5046
5018
4990
4379
4891
4782
4397
4758
4424
4493
4793
4258
4336
4567
4917
4847
4353
4808
4832
4477
4778
4009
4586
4890
4859
4518
4729
4528
5071
4353
4841
4699
4947
4413
4755
4730
4468
4641
4739
4708
4590
4884
4879
4520
4539
4407
4546
4226
4595
4543
4451
4975
4513
4671
4566
4568
4458
4695
4835
4311
4905
4654
4506
4637
4833
4688
4764
4300
4585
4363
4709
4175
4471
4813
4515
4872
4582
4525
4656
4769
4858
4482
4174
4604
4648
4560
4475
4441
4487
4475
4705
4508
4889
4662
4335
4585
4690
4772
4905
4838
4473
4953
4470
4714
4668
4882
4630
4821
4590
4726
4243
4432
4803
4810
4497
4599
4652
4894
4675
4950
4553
5358
4612
5182
4814
5055
4744
4811
4465
4560
5102
4592
4458
4814
4536
4942
4500
4637
4481
4601
4595
4800
4645
4618
4916
4811
4861
4562
4497
4536
4590
4707
4420
4646
4672
4411
4533
4586
4555
4949
4587
4753
4555
4523
4584
4596
4374
4482
4727
4404
4865
4693
4627
4690
4784
4490
4603
5057
4584
4611
4471
4927
4545
4864
5128
4542
4593
4696
4765
4630
4606
4329
4338
4727
4765
4774
4955
4957
4605
4759
4830
4654
4659
5120
4731
4674
4714
4659
5078
4406
5056
4821
4577
4621
4579
4715
4748
5117
4548
4589
4523
4627
4433
4648
4783
4553
4860
4526
4507
4262
4727
4772
4654
4551
4807
4971
4423
4561
4362
4152
4712
4518
4759
4736
4581
4664
4897
4900
4665
4564
4655
4661
4451
4894
4401
4529
4434
4533
4861
4908
4735
4364
4776
4721
4372
4642
4865
4075
4759
4487
4740
4753
4890
4789
4609
5054
4706
4871
4928
4745
4646
4327
4544
4979
4470
4736
4661
4673
4841
4645
4445
5125
4983
4669
4407
4675
4618
4728
4520
4395
4908
4699
4491
4672
4901
4728
4708
4668
4518
4951
4751
4696
4793
4774
4701
4559
4677
4480
4476
4442
4818
4643
4523
4662
4728
4631
4686
4953
4712
4665
5316
4675
4690
4444
4625
4573
4572
4692
4919
4920
4711
4601
4567
4796
4721
4726
4908
4294
4402
4622
4670
5083
4890
4510
4596
4623
4489
4705
4618
4536
4821
4758
4615
4505
4663
4839
4640
4890
4589
4923
4749
4906
4817
4211
4428
4989
4293
4498
4532
4592
4562
5220
4607
4465
4715
4871
4689
4559
4523
4769
4458
4684
4661
4403
4572
4749
4381
4587
4812
5013
4692
4680
4850
4696
4638
4843
4770
4439
4337
4706
5008
4319
4809
4368
4571
4730
4683
5013
4662
4607
4600
4698
4932
5035
4326
4383
4491
4651
5158
4572
4904
4619
4306
4822
4856
4586
4581
5230
4794
4677
4757
4550
4991
4575
4805
5173
4871
4529
4569
4505
4614
4504
4532
4234
4648
4651
4884
4783
4811
4291
4813
5116
5266
4386
4525
5108
4457
4937
4352
4912
4996
4885
4646
4512
4616
4641
4616
4894
4802
4620
4819
4528
4556
4496
4903
4479
5170
4516
4329
4525
4441
4820
4930
4704
4801
4845
4617
4568
4502
4378
4537
4213
4568
4660
4844
4827
4974
4305
4744
4328
4824
4795
4899
4813
4855
4460
4822
4514
4686
4532
4721
4640
4905
4214
4475
4614
4717
4270
4784
4599
4796
4946
4519
4696
5101
4975
4030
4417
4411
4731
4862
4429
4674
4402
4386
4527
4383
4664
4816
4979
5068
4314
4756
5102
4768
4463
4490
4710
4609
5016
4612
4665
4523
4831
4846
4585
4683
5036
4561
4772
4763
5048
4690
4922
5060
4841
4649
4496
4301
4671
4548
4645
4696
4751
4736
4566
4387
4522
4580
4417
4835
4529
4686
4573
4671
4677
4443
4947
4661
4537
4921
4887
4844
4474
4353
4590
4735
5032
4368
4685
5191
4387
4969
4471
4395
4705
4503
4848
4509
4795
4981
4519
4645
5017
4787
4542
4746
4911
4948
4581
4616
4626
4469
4974
4606
4784
4736
4835
4823
4496
4723
5007
4966
4632
4575
4582
4549
4833
4563
4569
4742
4392
4756
4829
4651
4593
4737
4767
4816
4665
4611
4476
4705
4791
4909
4839
4740
4386
4325
4751
4874
4414
4704
4787
4259
4231
5047
5025
4659
4720
4453
4678
4645
4265
4559
4574
4357
4700
4769
4578
4810
4547
4918
4444
4579
4529
4695
4374
4920
4537
4554
4847
4545
4723
4348
4563
4552
4839
4483
5170
4609
4759
4510
4794
4727
4616
4650
4677
4801
4542
4695
4715
4707
5047
4523
4899
4528
4911
4747
4804
4642
4533
4772
4701
4639
4324
5016
4675
4528
4708
4775
4787
4562
4842
4305
4896
4196
4791
4936
4849
4769
4747
5000
4566
4748
4766
4711
4672
4716
4897
4742
4957
4764
4621
4707
4558
4768
4599
4855
4534
4328
4733
4771
4563
4613
5016
4692
4517
4747
4610
4737
4185
4462
4764
4877
4927
4788
4896
4884
4725
4760
4964
4703
5355
4659
4533
4623
4737
4530
4722
4987
4916
4491
4533
4314
5150
4670
4862
4433
4684
4642
4606
4509
4668
4611
4610
4841
4632
4978
4751
4739
4743
4541
5004
4709
4555
4515
4637
4556
4646
4543
4699
4630
4700
4528
4754
4790
4611
4747
4874
4514
4586
4781
4810
4754
4608
4655
4574
4911
4682
4521
4853
4717
4373
4770
4834
4807
4689
4512
4647
4511
4782
4735
4591
5054
4795
4723
4674
4549
4648
4639
4604
4925
5019
4892
4551
4711
4784
4743
4772
4818
4975
4556
4520
4737
4655
4521
4983
4557
4400
4449
4877
4681
4294
4535
4613
4872
4617
4669
4528
4728
4896
4541
4941
4964
4474
4755
4617
4616
4831
4664
4373
4598
4844
4821
4742
4477
4618
4779
4674
4614
4988
4885
4893
4699
4964
4838
4520
5099
4812
4648
4300
4643
4963
4987
4872
4635
4612
4549
4662
4387
4441
4955
4538
4687
4459
4674
4601
4890
4854
4455
4647
4716
5204
4793
4743
4821
5056
4644
4776
4711
4698
4749
4645
4618
4302
4856
4944
4287
4777
4883
4527
4512
4689
4466
4708
4432
4992
4433
4285
4935
4839
5010
4859
4928
4754
4404
4605
4610
5022
4675
4601
4783
5061
4285
4552
4545
4868
4481
4685
4867
4615
4493
4776
4898
4983
4729
4671
4550
4895
4393
4630
4670
4616
4479
4282
4576
4843
5030
4708
4729
4739
4733
4649
4603
4749
4743
4256
4336
4386
4699
4584
4595
4311
4862
4585
4539
4412
4999
4921
4690
4500
4499
4812
4720
4769
4739
4614
4467
4546
4619
4784
4725
4558
4659
4916
4720
4744
4879
4782
4677
4465
4688
4655
4306
4521
4591
4905
4401
4367
4832
4501
4808
4850
4927
4264
4300
5095
4983
4641
4461
4881
4629
4713
4456
4801
4919
4761
4671
4554
4843
4645
5073
4668
4871
4630
4282
4517
4576
4816
4662
4403
4877
4417
4478
4871
4503
4490
4885
4597
5040
4420
4384
4824
4790
4991
4757
4292
4942
5048
4375
4725
4733
4797
4684
4742
4334
4709
4896
4591
4770
4911
4771
4732
4851
5010
4593
4506
4475
4591
4814
4899
4655
4856
4479
4622
4607
4745
4705
4538
4794
4364
4649
4515
4693
4898
4570
4763
4498
4522
4857
4748
4777
4442
4674
4656
4628
4575
4463
4332
4304
4408
4597
4746
4890
4482
4503
4700
4536
4510
4421
4762
5031
4862
4317
4674
4841
4693
4509
4210
4947
4820
4990
4736
4684
4675
4909
4449
4474
4775
4725
4737
4896
4846
4633
4719
4439
4808
4331
4476
4893
4404
4749
4425
4376
4685
4731
4522
4304
4700
4753
4581
4440
4688
4806
4649
4499
4538
4867
4395
4962
4589
4589
4809
4964
5040
4332
4466
4822
4859
4368
4902
4703
4288
4737
4555
5234
4923
4477
5021
4497
4541
4849
4535
4325
4604
4615
4479
4901
4673
4584
4535
4776
4885
4889
4858
4901
4461
4798
5083
4939
4526
4765
4847
4742
4689
4765
4554
4816
4754
4592
4542
4572
4426
4803
4838
4572
4771
4346
4784
4795
4695
4610
4606
4491
4823
4462
4446
4655
4540
4885
4835
4835
4556
4956
4847
5162
4870
4340
4767
4500
4563
4526
4719
4739
4640
4629
4455
4547
4908
4440
4919
5041
4993
5015
4540
4726
5123
4550
4541
4683
4537
4485
5013
4468
4681
4683
4458
4612
4833
4686
4751
4399
4810
4251
4788
4565
4461
4601
4188
4433
4796
4839
4902
4699
4685
4383
4763
4675
4808
4925
4900
5036
4931
4700
4811
4556
4548
4586
5054
4483
4517
4547
4512
4401
4270
4664
4678
4663
4615
4616
4653
4923
4587
4735
4683
4580
4345
4735
4545
4457
5014
4505
4312
4834
5048
5054
4411
4713
4450
4489
4364
4831
4296
4469
4336
4639
4548
4358
4871
4680
4651
4929
4719
4470
4609
4776
4656
4540
4707
4351
4711
4446
4493
4817
4586
4517
4275
4672
4522
4711
4583
4453
4637
4638
4836
5088
4485
4271
4643
4899
4579
4634
5258
4780
4554
4613
4676
4794
5011
4654
4993
4416
4369
4679
4723
4619
4389
4786
4567
4978
4960
4794
4752
4677
4571
5037
4826
4590
4693
4923
4786
4750
5222
4602
4614
4732
4489
4675
4620
4169
5028
4765
4738
4370
4741
5013
4735
4881
4732
4820
4691
4447
4420
4542
4616
4531
4715
4830
4501
5089
4999
5057
4916
4832
4875
4689
4774
4397
4305
4640
4315
5089
4501
4492
4702
4643
4552
4464
4639
4970
4103
4609
4648
4835
4685
4606
4713
4394
4840
4633
4776
4664
4664
4380
4714
4805
4531
4979
4728
5091
4387
4485
4735
4623
4507
4765
4811
4619
4748
4760
4538
4404
4870
4898
4846
4723
4695
4659
4556
4948
4561
4297
4358
4721
4741
5068
4720
4484
4737
4664
4323
4425
4367
4660
4551
4239
4674
4840
4789
4673
4659
4832
4635
4895
4861
4599
4483
4770
4514
5027
4499
4849
4450
5065
4838
4536
4519
4487
4743
4621
4717
4220
4774
4377
4785
4622
4990
4608
4770
4762
4744
4655
4204
4399
4695
4444
4990
5156
5026
4837
4737
4806
4668
4504
5079
4829
4874
4646
4305
4525
4708
4730
4630
4756
4940
4735
4769
4605
5209
4899
4927
4546
4724
4761
4668
4816
4511
4690
4558
4532
4406
4713
4699
5149
4534
4590
4659
4878
4591
4888
4660
4884
4552
4648
4538
4915
4667
4574
4692
4601
4256
4442
4593
4939
4934
4942
4686
4748
4847
4512
5045
5000
4562
4900
4608
4460
4796
4931
4514
4632
5097
4460
4638
4693
4654
4600
4682
4763
5105
4498
4784
4180
4789
4484
4662
4923
4547
4559
4827
4496
4683
4818
4668
4744
4531
4894
5145
4767
4646
4533
4933
4910
4884
4745
4453
4933
4912
4829
4597
4735
4615
4646
4732
4555
4518
5069
4659
4651
4503
4992
4621
4500
4674
4967
4871
4945
4427
4330
5020
4689
4742
4382
4433
4504
4357
4609
4423
4801
4612
4653
4739
4823
4522
4411
4611
4510
4644
4737
4803
5154
4318
4490
4668
4767
4543
4923
4526
4565
4765
4778
4731
4911
4566
4602
4626
4762
4660
4708
4736
4649
4844
4526
4806
4887
4545
4629
4510
4469
4566
4884
4718
4559
4625
4168
4639
4808
4571
4590
4573
4926
4449
4586
4697
4615
4840
4943
4827
4690
4818
4495
4945
4408
4615
4800
5002
4626
4635
5003
4218
4499
4731
4603
4773
4772
4691
4829
4598
4653
4628
4028
4658
4833
4698
4990
5046
4658
5069
4417
4641
4762
4409
4713
5037
4763
4780
4904
4468
4839
4619
4527
4345
4618
4754
4798
4847
4348
4795
4868
4522
4634
4987
4794
4488
4338
4874
4662
4483
4532
4776
4754
4832
4922
4349
4937
4631
4577
5001
4648
4602
4983
4307
4597
4769
4327
5079
4776
4887
4898
4598
4608
4687
4977
4863
5107
4791
4755
4580
4723
4995
4469
4341
4566
4774
4711
5051
4561
4832
4151
4564
4451
4668
4838
4759
4616
4439
4394
4403
4710
4659
4559
4932
5080
4993
4670
4683
4535
5001
4683
4457
4710
4623
4825
4327
4705
4905
4714
4871
4748
4640
4721
4458
4491
5040
4399
4796
4380
4312
4657
4675
4727
4951
4667
4714
4554
4627
4656
4445
4347
4551
4480
4559
4901
4651
4645
4510
4486
4969
4748
4455
4677
4582
4595
4929
4612
4352
4343
4199
4325
4541
4656
4613
4502
5455
4790
4758
4503
4623
4925
4579
4425
4809
4673
4456
4998
4410
4917
4522
4602
4747
4357
4615
4546
4643
4219
4961
4515
4768
4554
4636
5359
4799
4905
4603
4498
4661
4215
4784
4763
4547
4432
4537
4873
4368
4882
4662
4535
4495
4802
4657
4874
4569
4943
4986
4646
4476
4510
4649
4675
4931
4656
4731
4618
4673
4624
4769
4597
4913
4534
4471
4498
5021
4518
4663
4891
4708
4358
4821
4526
4679
4812
4451
4801
4815
4730
4953
4319
4496
4655
4732
4842
4611
4755
5065
4788
4702
4850
4792
4673
4521
4378
4679
4525
4623
4430
4719
4204
4944
5013
4398
4423
4755
4590
4874
4923
4647
4698
4799
4583
4555
4619
4442
4953
4511
4831
4579
4545
4729
4614
4357
4398
5066
4513
4539
4692
4682
4622
5056
4444
4891
4678
4806
4767
4614
4127
4582
4468
4713
4637
4869
4720
4734
4212
5037
4731
4886
4275
5048
4604
4525
4533
4914
4641
5050
4454
4726
4507
4648
4528
4725
4947
4727
4741
5144
5043
4530
4761
4086
4614
4655
4836
4794
4796
4818
4968
4693
5046
4729
4761
4986
4850
4533
4542
4908
4453
4686
4947
4594
4421
4862
4436
4612
4257
4656
4684
4773
4784
4521
4708
4642
4514
4610
4686
5022
4624
4717
4351
4849
4622
4701
4459
4586
4515
4501
4949
4771
4812
4485
4833
4698
4845
4923
4611
4559
5014
4636
4783
4817
5104
4288
4931
4583
4584
5065
4794
4462
4978
4683
4780
4561
4538
4772
4592
4719
4367
4747
5179
4626
4390
4622
4571
4524
4849
4860
4758
4515
4875
4826
4554
4962
4701
5027
4763
4302
4516
4532
4738
4596
4320
4462
4864
4511
4739
4762
4747
4618
4514
4706
4731
4415
4886
4480
4923
5010
4987
4641
4789
4742
4665
4617
4958
4179
4517
4469
4771
4616
4812
4418
4669
4580
4786
4659
4616
4538
4599
4817
4693
4581
4653
4954
4446
4646
4536
4570
4424
4893
4578
4181
4632
4499
4620
4765
4583
4500
4441
4796
4862
4371
4696
4706
4755
4704
4571
4539
4066
4590
4608
4590
5021
4507
4414
4432
4552
4880
4820
4670
4715
4653
4728
4654
4942
4924
4848
4644
4416
4381
4667
4852
4449
4404
4875
4556
4392
4440
4716
4504
4862
4794
4807
4838
4661
4481
4459
4858
4926
4378
4775
4535
4486
4309
4888
4566
4557
4717
4453
4845
4778
4630
4452
4667
4515
4723
4858
4935
4950
4884
4541
5063
4478
4414
4555
4896
4834
4822
4637
4791
4803
4422
4656
4974
4647
4933
4551
4526
4802
4197
5218
4726
4530
4781
4654
4362
4861
5136
4560
4676
4785
4705
4956
4497
4939
5018
5009
4603
4759
4386
4585
4296
4643
4574
5085
4387
4868
4478
4390
4437
4771
4623
4808
4901
4432
4781
4616
4622
4427
4318
4699
4585
4661
4721
4674
4832
4713
4736
4754
4501
4755
4841
4246
4625
4607
4502
4809
4528
4549
4649
4415
4591
4772
4844
4743
4829
4735
4776
4391
4608
4577
4522
4384
4964
4668
4771
4713
4411
4842
4486
4729
4634
4645
4839
4602
4353
4242
4570
4704
4344
4613
4478
4912
4646
4671
4699
4500
5231
4548
4563
4649
4463
4540
4853
4635
4660
4807
4369
4553
4709
4918
4848
4376
4735
4788
4379
4823
4595
4844
4696
4353
4596
4727
4561
4952
4595
4459
4923
4487
4545
4707
4641
4299
5050
4989
4587
4539
4741
4357
5113
4262
4734
4850
4672
5019
4304
4744
4988
4970
4850
4726
4877
4577
4395
4974
4619
4772
4711
4328
4137
4703
4518
4500
4955
4805
4567
4675
4508
4308
4735
5055
4897
4454
4602
4896
4656
4640
4818
4628
4825
4800
4511
5032
4673
4661
4592
4343
4528
4639
4699
5017
4722
4670
5088
4575
4717
4478
4762
5044
5186
4454
4800
4488
4837
4665
5122
4832
5003
4812
4241
4872
4735
4706
4918
5097
4805
4562
4481
4831
4802
4977
4925
4352
4580
4460
4437
5284
5059
4756
4475
4489
4844
4621
4550
4676
4712
4727
4667
4911
4984
4315
5046
4822
5121
4362
4552
4551
4513
4891
4817
4561
4258
4695
4559
4840
4529
4760
4690
4633
4752
4789
5044
4693
4600
4843
4306
4498
4100
4915
4845
4910
4843
4693
4625
5169
4611
4646
4684
5383
4762
4754
4595
4602
4624
4356
4709
4215
4714
4193
5200
4578
4735
4702
4422
4860
4763
4929
4744
4603
4669
4435
4929
4693
4596
4653
4788
4656
4826
4646
4768
5112
4721
4365
4342
4850
4466
4752
4842
4811
4585
4396
4473
4349
4605
4854
4791
4595
5164
4348
4513
4565
4629
4504
4888
4626
4870
5009
4827
4856
4556
4740
4687
4577
4718
4276
4731
4898
4547
4723
4611
4842
4780
4699
4647
4743
4498
4622
4262
5028
4862
4888
4869
5131
4263
4859
4739
4838
4549
4196
4428
4474
4703
4610
4620
4584
4733
5158
4816
4571
5049
4511
4728
4535
4910
5032
4503
4730
4398
4625
4762
4543
4369
4622
5008
4934
4752
4403
4650
5031
4668
4892
4615
4789
4479
4441
4582
4453
4630
4510
4723
4906
4459
4612
4757
4575
4432
4898
4816
4748
4620
4897
4426
4680
4906
4522
4937
4594
4679
5024
4594
4647
4977
4277
4613
4556
4677
4728
4760
4608
4683
4684
4385
4418
4404
4831
4178
4671
4560
4871
4581
4664
4525
4678
4813
4593
4610
4505
4551
4714
4529
4685
4639
4483
4985
4646
4636
4575
4732
4660
4751
4823
4776
4117
4586
4703
4439
4668
4811
4651
5006
4465
4806
4379
4388
4412
4352
4572
5007
4948
4836
4362
4653
4574
4496
4306
4742
4531
4749
4422
4858
4711
4974
4427
4729
4557
4943
4810
4606
4760
4763
4726
4779
4821
4640
4691
4721
4902
4766
4870
4434
4840
4483
4741
4358
4569
4626
4791
5058
4602
4761
4609
5054
4579
4745
4362
4587
4577
4789
4523
4605
4624
5119
4529
4605
5084
4768
4501
4942
4317
4406
4816
4830
4618
4853
4477
5031
5109
4511
4148
4506
5000
4578
4354
4911
4606
4372
4617
4829
4317
4879
4844
4450
4844
4858
4860
4270
4518
4648
4609
4777
4912
4629
4456
4442
4471
4720
4724
4723
4801
4440
4719
4845
4820
4760
4784
4466
4369
4729
4930
4673
4422
4710
4484
4279
4823
4271
4636
4845
4595
4552
4913
4353
4376
4483
4636
4588
4767
4580
4937
4906
4643
4525
4533
4300
5033
4704
4948
4252
4396
4291
4815
4425
4978
4566
4748
4560
4490
4582
4764
4880
4891
4541
4190
4747
4285
4648
4868
4823
4773
4754
4323
4460
4911
4547
4445
4681
4585
4554
4613
4865
4842
4432
4631
4787
4743
4631
4898
4621
4535
4713
4742
4573
4985
4523
4591
4981
4891
4589
4804
4762
4561
5074
4842
4457
4841
4079
4851
4102
5083
4596
4279
4695
4325
4641
4994
5021
4650
4576
4454
4663
4470
4479
4322
4714
4379
4509
4835
4461
4687
4689
4771
4403
5040
4957
4462
4972
4399
4506
4404
4981
4651
4630
4912
5077
4554
4530
4677
4614
4730
4941
4870
4464
4671
4681
4523
4789
4604
4913
4650
4882
4616
4978
4509
4799
4883
4680
4969
4598
4835
4374
4682
4854
4352
4779
4811
4886
5077
4685
4674
5207
4705
4875
4643
4553
4802
4769
4597
4662
4690
4847
4623
4709
4570
4880
4286
4644
4711
4372
4546
5349
4777
4746
5105
4703
4221
4960
4436
4619
4704
4522
4845
4628
4910
5187
4685
4540
5099
4512
4743
4662
4991
4622
4525
4771
4789
4751
4503
4529
5036
4596
4184
4606
4470
4591
4789
4719
4540
4509
4974
4828
4176
4652
4243
4918
4602
4579
4440
4874
4720
4663
4839
4596
4373
4578
4612
4403
4463
4308
4541
4457
4765
4776
4822
4548
4718
4748
4597
4516
4667
4715
4668
4608
4656
5096
4890
4659
4560
4507
4735
4796
4537
4505
4757
4884
4653
4478
5097
5026
4769
4709
4524
4613
4701
4732
4993
4414
4553
4722
4972
5014
4871
4576
4657
4782
4673
4682
4683
4593
4798
4401
4948
4813
4586
4472
4473
4680
4906
5086
4563
5220
4815
4847
4091
5260
4515
4973
4441
4581
4831
4454
4781
4541
4991
4448
4443
4816
4775
4589
4620
4949
4866
5113
4345
4537
4834
4669
4490
4590
4701
4605
4529
5215
4375
4669
4761
4760
4901
4813
4755
4663
4540
4435
4638
4740
5021
4376
4454
4833
4264
4711
5018
4560
4651
4422
5005
4750
4342
4978
4694
4725
4696
4494
4775
4527
4601
4807
4344
4552
4585
4760
4637
4698
4357
4694
4411
4438
4594
4841
4693
4630
4465
4777
4753
4624
4330
4618
4475
4719
4490
4497
4426
4521
4947
4894
4956
4244
4163
4482
4488
4822
4401
4832
4681
4607
4478
4675
4937
4809
4867
4434
4376
5055
4720
4219
4562
4736
4256
4707
4759
4873
4435
4739
4588
4939
4726
4898
4887
4791
4620
4599
4442
4632
5104
4877
4807
4486
4751
4902
4677
4859
4461
4609
4572
4169
4578
4395
4566
4479
4248
4563
4594
4769
4943
4395
4661
4869
4792
4370
4706
4552
4721
4747
4590
4642
4964
4713
4784
4873
4708
4768
4741
4749
4698
4663
5107
4823
4427
4835
5107
4656
4502
4545
4532
4324
4882
4585
4529
4370
4573
4521
4660
4573
5066
4651
4543
4464
4478
4839
4570
4610
4679
4644
4581
4819
4371
4566
4694
4612
4511
4508
4863
4804
5173
4963
4592
4992
4819
5187
4542
4924
4762
4671
4574
4909
4992
4580
4504
4905
4653
4447
4710
4345
4417
4728
4867
4695
4575
4841
4525
5120
4416
4690
4615
4411
4422
4686
4642
4610
4315
4727
4693
4430
4389
4722
4688
4436
4918
4943
4632
4342
4900
4569
4694
4669
4599
4910
4933
4474
4833
4558
4630
4699
4574
4716
4996
4756
4689
4539
4615
4790
4547
4870
4954
4395
4751
4712
5043
4618
4795
4568
4927
4864
4790
4662
4473
4784
4666
4612
4626
4649
4532
4321
4622
4712
4528
4682
4606
4481
4548
4710
5104
4629
5085
4518
4790
4623
4666
4751
4389
4779
4364
4600
4399
4753
4680
4337
4811
4605
4609
4753
4422
4593
4443
4470
4263
4859
4695
4724
4700
4529
4726
4388
4686
4547
4512
4422
4529
4606
4773
4477
4605
4614
4904
4845
4669
4667
4500
4723
4628
4820
4499
4309
4548
4303
4403
4406
4245
4978
4766
4657
4785
4282
4754
4833
4622
4487
4777
4493
4790
4411
4664
4807
4670
4508
4693
4305
4695
4925
4344
5012
4667
4727
4404
4654
4994
4847
4740
4389
4569
4728
4590
4337
4537
4445
4759
4851
4590
4839
4325
4687
4421
4917
4741
4637
4546
4498
4841
4275
4764
5071
4698
4516
4972
4552
4850
4381
4837
4457
4658
4463
5015
4902
4518
4491
4124
4687
4589
4594
4610
5069
4371
4509
4823
4782
4692
4715
4439
5092
5072
4802
4895
4813
4741
4228
4952
4758
4683
4790
4743
4258
5242
4606
4458
4968
4803
4591
4534
4627
4696
4363
4526
5072
4915
5075
4875
4830
4691
4557
4596
4696
4531
5217
4723
4503
4653
4898
4911
4427
4647
4501
4467
4466
4577
4526
4582
4554
4650
4899
4707
4554
4828
4925
4764
4679
4759
4491
4378
4890
4804
4398
5030
5004
4874
4495
4448
4622
4745
4617
4723
4631
4935
4773
4916
4536
4724
4799
4775
4879
4716
4696
4392
4755
4926
4972
4741
4719
4537
4955
4828
4691
4869
5214
4440
4717
4850
4575
5076
4710
4738
4621
4763
4645
4641
4714
4266
4700
4758
4898
4447
4588
4479
5106
4532
4563
4575
4487
4792
4665
4631
4970
4670
4940
4444
4377
4413
4970
4658
4843
5197
4575
4540
4283
4837
4634
4826
4545
4642
4399
4685
4704
4702
4814
4365
4568
4373
5047
4475
4672
4247
4556
4471
4637
4821
4611
4475
4953
4355
4389
4328
4681
4727
4588
4491
4816
4505
4444
5154
4934
4548
4568
4811
4529
4534
4609
4802
4393
4771
4725
4793
4600
4790
5008
4741
4874
4535
4478
4634
4756
4452
4629
4697
4718
4770
4752
4754
4366
4792
4375
5106
4439
4714
4738
4268
4651
4534
4721
4898
4788
4957
4648
4858
4639
4596
4391
4769
5028
4569
4727
4517
4435
4360
4602
4469
4563
4462
4740
4551
4782
4885
4843
4493
4906
4738
4506
4700
4484
4439
4857
4565
4458
4778
4690
4808
4518
4816
4656
4519
4787
4714
4474
4463
4450
4619
4807
4571
4630
4816
4172
4751
4586
4521
4423
4500
4744
4495
4793
4787
4778
4369
4870
4716
4656
4859
4658
4890
4846
4455
4033
4330
4767
4408
4474
4821
4290
4916
4552
4996
4553
4630
4877
4939
4666
4834
4857
4669
4499
4644
4682
4856
4823
4556
4796
4431
4811
4714
4679
4761
4572
4580
4747
4298
4676
4502
4794
4780
4637
5006
4694
4730
4641
4607
4337
4718
4643
4781
4436
4668
4801
4887
4826
4540
4634
4422
4622
4944
4873
4824
4567
4662
4715
4937
4639
4586
4965
4895
4594
4966
5054
4650
4828
4909
4280
4581
4971
4542
4673
4850
4955
4759
4744
4548
4814
4565
4909
4822
4661
4424
4855
4723
4609
4675
4733
4610
4655
5024
4658
4869
4569
4577
4857
4711
4983
4231
4752
4643
4678
4882
4470
4571
4521
4721
4422
4603
4933
4346
4853
4520
4962
4925
4823
4663
4979
5017
4501
5036
4670
4946
4629
4451
5009
4387
4565
4427
4938
4913
4478
4767
4514
4449
4579
4944
4754
4495
4581
5204
4513
4511
4453
4991
4907
5057
4551
5043
4803
4784
4661
4752
4723
4390
4722
4594
4934
4697
4665
4745
4690
4540
4537
4631
4492
4556
4797
4633
4685
5034
4746
4677
4530
4632
4160
4574
4722
4305
4820
4622
4568
4742
4602
5017
4974
4407
4596
5159
4556
4825
4850
4972
4737
4697
4758
5260
4480
5068
4730
4680
5081
4588
4570
5020
4452
4261
4353
4713
4301
4824
4395
4602
4627
4575
4642
4833
4807
4995
4405
4263
4798
4749
4404
4676
4723
4677
4728
4633
4725
4435
4525
4688
4768
4397
4867
4979
4876
4748
4540
4749
4443
4479
4535
4488
4747
4441
4878
4808
4580
4818
4715
4735
4278
4529
4613
4755
4885
4571
4903
4653
4644
5034
5139
4723
4453
5015
4758
4723
4297
4457
4583
4749
4513
4483
4656
4831
4438
4679
4903
4599
4477
4816
4427
4590
4820
5153
4715
4377
4691
5261
4715
4830
4873
4985
4880
4742
4361
4689
4518
4468
4740
4560
4324
4813
4752
4676
4526
4845
4616
4422
4767
4612
4666
4877
5039
4542
4619
4802
4654
4322
4112
4514
4664
4662
4557
5071
4542
4651
5031
4764
5030
4690
4131
4699
4489
4716
4661
4905
4644
5235
4569
4727
4733
4531
4649
5066
4540
4725
4914
4819
4697
4765
4650
4884
4822
4775
5276
4566
4645
4694
4557
4641
4583
4595
4773
4649
4758
4412
4085
5059
4629
4550
4991
4916
4302
4724
4405
4776
4696
4493
5113
4564
4752
4590
4863
4399
4502
4825
4530
4650
4845
4903
4642
4277
4944
4570
4620
5089
4485
4493
4586
4496
4585
4802
4445
4612
4250
4617
4616
4609
4471
4507
4378
4657
4453
4617
4471
4633
4824
4153
4351
4753
4762
4998
4682
4984
4699
4422
4662
4713
4796
4642
4580
4954
4736
5008
4555
4928
4846
4970
4326
4491
4539
4604
4640
4508
4820
4721
4827
4766
4937
4427
4657
4363
4911
4557
4764
4727
4661
4554
4924
4752
4792
4560
4995
4343
4640
4818
4746
4933
5115
4720
4835
4368
5347
4964
4551
4380
4526
4478
4643
4605
4697
4563
4603
4208
4538
4862
4939
4590
4888
4731
4389
4765
4986
4421
4232
4414
4514
4477
4696
4786
4667
4913
4638
4904
4571
4940
4672
4371
4679
4433
4551
4832
4705
5017
5026
4612
4700
4594
5144
4893
5188
4527
4792
4525
4980
4613
4795
4608
4701
4637
4607
4808
4751
4675
4481
4768
4584
4586
5000
4423
5117
4939
4716
4713
4410
5036
5094
4540
4435
4870
4423
4714
4816
5019
4749
4592
4610
4395
4451
4742
4966
4634
4676
4639
5119
4580
4433
4963
4445
4704
4548
4694
4584
4903
4650
4763
4870
4845
4433
4837
4853
4555
4311
4376
4556
4742
4600
4781
4378
4626
4854
4806
4625
4553
4539
4510
4675
4660
4431
5194
4557
4651
4665
4609
4807
4647
4522
4423
4707
4456
4577
4834
4413
4622
4671
4774
5239
4694
4772
4346
4700
4343
4876
4561
4783
4809
4728
4940
4615
4726
5025
4686
4083
4344
4767
4393
4682
4587
4603
4807
4470
4442
4532
4457
4584
4482
4772
4694
4685
4973
4946
4507
4602
4584
4613
4646
4776
5087
4759
4836
4594
4608
4925
4885
4706
4387
4736
4758
5076
4854
4590
4278
4666
4643
4411
5049
4832
4732
5359
4708
4555
4827
4813
4833
4386
4453
4559
4716
4642
4294
5018
4694
4416
4819
5037
4792
4906
4489
4584
4575
4506
4835
4843
4953
4539
4674
4650
4708
5026
4610
4384
4568
4553
4437
4365
4705
4698
4697
4811
4470
4578
4655
4461
4596
4481
4653
4474
4853
4612
4708
4921
4956
4600
4409
5035
4508
5094
5028
4737
4560
4620
4719
4835
5298
4589
4585
4780
4468
4892
4319
4648
4592
4866
4597
4747
4797
4696
4548
4994
4652
4451
4765
4511
4924
4777
4757
4321
4387
4842
4687
4722
4625
4312
4903
4609
4695
4709
4522
5122
4545
4693
4567
4805
4689
4555
4645
4776
4905
4851
4419
4788
4857
4445
4649
5058
4431
4868
4378
4769
4777
4496
4744
4623
4560
4755
4838
5017
4953
4466
4582
4740
4562
4538
4786
4793
4610
5019
4755
4926
4684
4570
4788
4641
4867
4926
4799
4321
4735
4625
4774
4480
4810
4567
4586
4989
4689
5173
4499
4625
4732
4880
4560
4343
4881
4860
4880
4944
4783
4233
4930
4707
4861
4580
4860
4665
4829
4983
4527
4570
4569
4744
4564
4847
5091
4898
4819
4705
4441
4619
4570
4798
4498
4723
4729
4581
4973
4595
5033
4538
4887
4437
4650
4487
4569
4881
4379
4766
4836
4665
4626
4994
4425
4622
4505
4648
4702
4660
5003
4296
4642
4263
4880
5095
4752
4325
4784
4704
4712
4695
4608
5046
4374
4495
4796
4325
4598
4554
4835
4302
4509
4877
4769
4672
5017
4884
4810
4731
4616
4545
4878
4727
4829
4581
4373
4980
4683
4776
4568
4587
4971
4810
4889
4466
4710
4415
4952
4658
4892
4666
4865
4929
4794
4371
4687
4683
4711
4746
4766
4600
5131
5033
5063
4957
4608
4778
4805
4795
4779
4190
4342
4783
4459
4430
4954
4744
4715
4390
4481
4477
4820
4528
4784
4429
5080
4561
4844
4645
4584
4644
4932
4445
4797
4717
4734
4773
4879
4875
4755
4470
4610
4356
4228
4711
4608
4742
4749
4894
4577
4896
4785
4602
4395
4798
5039
4731
4914
4782
4733
4815
4925
4468
4486
4572
4793
5440
4912
4308
4333
4535
5049
4906
4760
4512
4856
4781
4344
4960
4670
4731
4618
4737
4358
4807
4790
4806
4310
4590
4855
4717
4328
4394
4728
4605
4699
5079
4768
4614
4902
4849
4598
4795
4920
4645
4694
4723
4354
4471
4590
4633
4623
4530
4562
4711
4973
5056
4670
4732
4980
4615
4780
4667
4720
4517
4475
4734
4990
4845
4743
4897
4670
4694
4899
4815
4626
4821
5117
4830
4556
4775
4725
4884
4218
4710
4544
4532
4770
4339
4605
4873
4659
4896
4485
4512
4529
4758
4892
4453
4580
4426
4668
4784
4571
4624
4355
4672
5121
4613
4650
5017
4873
5131
4868
4457
4534
4684
4542
4394
4373
4817
4898
4528
4918
4696
4372
4649
4714
4499
4346
4795
5197
4677
4652
4426
4783
4427
4747
5004
4741
4397
4618
5081
4716
4554
4782
4186
4395
4352
4407
4653
4455
4661
4899
4919
4471
5038
4668
4968
4550
4785
4999
4903
4647
4624
4780
4849
4524
4715
4980
4991
4684
4868
4525
4390
4971
4986
5263
4492
4627
4624
4789
5187
4379
4703
4503
4604
4766
4648
4581
4793
4700
4790
4841
4553
4847
4088
4642
4672
4520
4745
4972
4569
4848
4791
4416
4725
4457
4608
4786
4801
4815
4833
4819
4840
4907
4462
4454
4928
4481
4423
4569
4811
4631
4597
4964
4546
4895
4842
4419
4703
4483
4608
4313
4536
4596
4897
4325
4664
4994
4734
4535
4686
4811
4673
5134
4574
4780
4637
4581
4843
4387
4904
4537
4567
4754
4849
4978
4578
4321
4841
4694
4627
4741
4698
4388
4408
4662
4870
4593
4618
4787
4570
4821
4555
4702
4834
4715
4609
4772
4661
4811
4755
4794
4527
4672
4423
4776
4779
4635
4832
4945
4352
4517
4731
4868
4432
4554
4953
4788
4660
4541
4564
4529
4855
4537
4754
5114
4652
4627
4641
4701
4703
4577
4417
4578
4914
4555
4613
5088
4590
4791
4936
4827
4603
5007
4386
4388
4641
4894
4317
4804
4687
4570
4610
4939
4886
4831
4738
4625
4545
4858
4687
4494
4446
4648
4594
4589
4729
4859
4641
4873
4743
4553
4701
4547
4488
4549
4442
5122
4752
4439
4545
4861
4850
4672
4773
4871
4774
4667
4510
4777
5031
4678
4770
4565
4702
4749
4899
5070
4529
4812
4943
4819
4597
4724
4785
4904
5146
4610
4783
4831
4840
4826
4793
4561
4601
4397
4716
4586
4986
4536
4685
4548
4822
5064
4918
4784
4439
4635
4426
4774
4661
4502
4257
4650
4773
4768
4649
4611
4702
4575
4292
4557
4730
4309
4468
4196
4633
4906
4855
4816
4641
4461
4413
4783
4677
4857
4431
4645
4389
4534
4634
4997
4526
4897
4774
4904
4624
4741
4813
4808
4657
4677
4597
4669
4644
4884
4490
4828
4671
4707
4909
4592
4557
4734
4835
4556
4486
4384
4826
4295
4725
4718
4470
4431
4387
4519
4558
4764
4685
4738
4569
4454
4123
4569
4749
4799
4888
4568
4754
4596
4671
5108
5078
4402
4696
5195
4596
5108
4449
4611
4800
4683
4627
4444
4187
4754
4838
4583
4537
4817
4551
4668
4377
4449
4546
4662
5002
4719
4342
4955
4892
4796
4363
4713
4944
4808
4727
4620
4425
4751
5102
4692
4519
4745
4546
5042
4618
4729
4829
4494
4663
4560
4530
5031
4811
4312
4447
4910
4608
4757
4815
4776
4534
4770
4121
4475
4665
4620
4523
4512
4765
4663
4648
4424
4410
4751
4822
4926
4940
4553
4525
4495
4665
5046
4328
4577
4399
4565
4670
4711
5064
4622
5054
4757
4519
4667
4720
4496
4601
4884
4540
4504
4662
4587
4939
4288
4758
4482
4959
4689
4687
4720
4826
4622
4631
4741
4455
4645
4938
4746
4992
4804
4574
4879
4653
4692
4524
4841
4847
4859
4831
4624
4680
4458
4627
5017
4705
4533
4797
4519
4691
4395
4820
5165
4346
4422
4801
4661
5032
4373
4383
4781
4492
4593
4652
4472
4828
5118
4842
4812
4787
4169
4912
4813
4470
4670
4623
4711
4877
4949
4843
4672
4582
4695
4440
4441
4744
4666
4915
4912
4740
4851
4643
4444
4790
4559
4420
4525
4726
4500
4682
4840
4519
4283
4877
4457
4489
5055
4803
4383
4624
4596
4425
4908
4825
4626
4608
4462
4609
4923
5062
4209
4981
4258
4920
4465
4895
4767
4702
4621
4579
4472
4668
4696
4743
4871
4337
4815
5007
4429
4827
4657
4502
4636
4345
4734
4672
4856
4696
4823
4556
4778
4331
4150
4533
4231
4985
4349
4512
4892
4920
4167
4813
4519
4564
4896
4632
4852
4305
4900
4786
4785
4711
4464
4373
4595
4272
4762
4569
4955
4593
4617
4838
4417
4495
4867
4768
4952
4689
4575
4525
4365
4482
4976
4424
4679
4714
4771
4597
4573
4452
4697
4480
4544
4690
4792
4649
4654
4593
5272
5049
4931
5076
4685
4609
4430
4555
4791
4537
4862
4415
4662
4582
4684
4884
4642
4874
4594
4554
4607
4573
4757
4954
5193
4640
4664
4870
5216
4478
4670
4682
4754
5103
4603
5027
4782
4552
4603
4653
4581
4671
4575
4906
4426
4841
4659
4655
4624
4756
4856
4149
4741
4616
4785
4659
4834
4791
4804
4854
4526
4806
4529
4678
4788
4693
5029
4469
4676
4344
4454
4558
5272
4394
4848
4555
4644
4519
4897
4777
4780
4958
5183
4655
4969
4647
4478
4773
4371
4626
4477
5010
4354
4960
4888
4411
4658
4414
4595
4760
3970
4878
4269
4754
4345
4874
4570
4789
4694
4394
4888
4523
4557
4787
4690
4677
4368
4872
4674
4621
4635
4883
4576
4767
4648
4457
4917
4580
4215
4836
5027
4575
4790
4410
4735
4985
4759
4698
4374
4756
4840
4358
4884
4750
4667
4441
5199
4733
4536
4666
4777
4395
4603
4612
4395
4861
4688
4760
4714
4627
4539
4627
4654
4687
4539
4883
4640
4567
4636
4750
4740
5102
4786
4704
4432
4377
4708
4711
4416
4899
4524
4706
4747
4848
4819
4862
4747
4738
4894
4593
4834
4652
4414
4829
4667
4311
4610
4602
4918
4884
4696
4880
4663
4702
4663
4866
4815
4591
4891
4033
4663
4829
4729
4679
4864
4507
4841
4902
4467
4526
4606
4766
4732
4508
4512
4601
4608
4460
4853
4807
5030
4408
4696
4689
4488
4731
4592
5049
4764
4539
4586
4616
4524
4776
4514
4870
4795
4759
4846
4725
4820
4657
4615
4826
4466
4704
4630
4902
4614
4735
4945
4562
4621
4875
4632
4711
4409
4614
4579
4369
4576
4480
4697
5119
4751
4903
4657
4831
4383
4626
4693
4813
4710
4923
4781
4764
4712
4414
4965
4223
4475
4876
4877
4740
4567
4524
4801
4364
4834
4787
4690
4536
4626
4376
4906
5402
4225
4475
4311
4713
4679
4599
4821
4812
4764
4288
4929
4566
4581
4821
4803
4722
4576
4839
4751
5076
4130
4794
4757
4982
4635
4758
4588
4537
4922
4607
4361
4727
4434
4669
4586
4608
4738
4240
4411
4986
4861
4797
4863
4940
4765
4696
4713
4817
4770
4471
4495
4879
4574
4525
4467
4465
4544
4823
4794
4553
4631
4878
5206
4755
4755
4411
4628
4258
4664
5100
4931
4381
4548
4817
4646
4614
4738
4720
4699
4907
4656
4784
4363
4679
4298
4340
4617
4588
4552
4874
5063
4913
4306
4823
4665
4866
4757
4612
4644
4798
4612
4693
4905
4944
4583
4801
4876
4765
4530
4570
4476
4730
4772
4555
4619
4601
4891
4676
4906
4575
4755
4946
4888
4693
4665
4587
4730
4729
4939
4496
4933
4541
4910
4632
4288
4838
4727
4639
4793
4841
4121
4784
4732
4476
4707
4856
4633
4310
4660
4957
4564
4681
4344
4673
4595
4742
4531
4919
4516
4595
4661
4696
4941
4557
4658
4502
4360
